 3.461408E-04 -8.453841E-04 -4.158420E-04  1.370753E+00  1.600829E-02  9.814940E-01 -3.112595E-03 -4.407710E-03  4.457438E-03
 9.992950E-01  1.000380E+00 -3.565771E-04 -3.646366E-01 -1.188311E+00  6.765778E-01 -5.018753E-03  4.672242E-03 -5.404661E-03
 9.996883E-01 -8.634398E-04  1.000735E+00 -6.266609E-01 -1.655249E+00  1.285121E-01 -7.145778E-03 -1.230896E-02  9.792933E-03
 4.728968E-04  9.993906E-01  9.993094E-01 -1.864676E+00  1.743512E+00 -1.826387E+00  4.207969E-04 -3.698634E-03 -8.109582E-03
 2.000229E+00  9.091667E-04  7.859982E-04 -1.864416E+00 -1.738110E+00  6.504304E-01  8.576450E-03  7.320502E-03  3.799080E-03
 2.999011E+00  9.992388E-01  5.918103E-04 -3.527769E-01 -9.051676E-01  3.964189E-01 -1.484587E-02 -3.107058E-03  6.959969E-03
 3.000084E+00 -5.094162E-04  1.000809E+00 -9.118735E-01 -1.867301E+00  1.893413E+00 -6.917182E-03  2.613461E-04  7.949993E-03
 1.999870E+00  1.000153E+00  9.996525E-01 -2.823720E-02  1.128716E+00  8.411756E-01  8.911247E-03 -3.274939E-03 -1.377997E-02
 3.999531E+00 -4.685531E-04  2.709332E-04  1.789931E+00 -1.218284E+00 -1.075900E+00  3.646817E-03 -5.136661E-03 -3.140952E-03
 4.999319E+00  9.996771E-01 -9.852866E-04  1.832665E+00  8.704599E-01 -1.181402E-01 -1.362046E-02  7.896434E-03 -1.633494E-02
 4.999772E+00 -6.271325E-05  1.000883E+00  1.885397E-01 -8.931811E-01  1.437506E+00 -7.778497E-03 -3.137673E-03  1.358960E-02
 4.000667E+00  9.998212E-01  9.993356E-01 -4.056783E-02 -1.648708E+00  6.867861E-01  9.194665E-03 -1.901794E-03 -1.115456E-02
 6.000748E+00 -9.728738E-04 -3.449430E-04 -1.028131E+00 -7.779165E-01  5.422215E-01  7.228705E-03 -1.659843E-02 -7.769293E-03
 7.000650E+00  9.998088E-01  7.487809E-04 -2.699228E-01  5.071691E-01  6.566706E-01  1.485232E-02 -3.115320E-04  1.843923E-02
 7.000860E+00 -7.596969E-04  1.000278E+00  1.493487E-01  4.911853E-02  4.227451E-01  1.362331E-02 -1.144664E-02 -5.568888E-03
 6.000351E+00  9.999909E-01  9.992432E-01  1.763928E+00  1.332693E+00  1.062738E+00 -1.741720E-04  4.305559E-03  4.934386E-03
 7.999295E+00 -1.948980E-04  6.799641E-04 -1.211397E+00 -7.973106E-01  6.848928E-01 -1.005663E-02  4.983474E-03  9.122433E-03
 8.999032E+00  9.999975E-01  1.171012E-04  1.196193E+00  7.463968E-01  9.987936E-03 -2.336336E-02  1.297140E-02 -1.068951E-02
 9.000974E+00 -4.964209E-04  1.000378E+00 -4.003471E-02  1.498950E-01  3.438926E-01  4.417939E-03 -3.914029E-03  6.278995E-03
 8.000339E+00  9.999820E-01  1.000002E+00 -1.787489E+00 -1.779357E+00  1.815423E+00  8.771311E-03 -5.792321E-04 -9.641746E-03
-7.183440E-04  1.999965E+00 -2.737957E-04 -2.678888E-01 -7.601684E-02  7.512532E-01 -4.170761E-03 -9.562844E-04 -6.348204E-03
 9.996135E-01  3.000845E+00 -1.226709E-04 -1.663043E-02  1.783597E-01 -6.467816E-01  2.836761E-03  8.794255E-03  6.006065E-04
 9.997598E-01  2.000792E+00  9.990505E-01 -1.554393E+00 -1.866474E+00 -2.900140E-01  3.037185E-03  8.247527E-03 -1.236780E-02
 6.380294E-05  3.000427E+00  1.000953E+00 -5.726356E-01 -5.382747E-01  4.837978E-01 -7.982949E-04  1.273351E-02  1.032574E-02
 1.999992E+00  2.000134E+00  7.638758E-05  1.539873E+00  4.724217E-01  1.604521E+00  3.609881E-03 -5.355051E-03 -9.125762E-04
 3.000301E+00  3.000339E+00  2.568021E-04  1.652196E+00  1.185801E+00 -1.383677E+00  1.478094E-02 -6.129068E-03 -2.051100E-03
 2.999978E+00  2.000187E+00  9.993473E-01  1.301021E+00  4.587771E-01 -9.588718E-01  3.739088E-03  5.015600E-03 -7.849435E-03
 1.999214E+00  3.000967E+00  1.000615E+00  6.462606E-01 -1.235753E+00  7.799351E-03 -1.346511E-02  7.993712E-03  8.919440E-03
 3.999118E+00  2.000405E+00 -4.457656E-04  1.864705E+00  9.355999E-02  1.390094E-02 -6.613258E-03  3.907566E-03 -3.832056E-03
 5.000079E+00  3.000646E+00  6.308322E-05 -9.124537E-01  6.737569E-01 -1.330994E+00  1.407567E-03  1.380280E-02  1.399673E-03
 5.000292E+00  1.999015E+00  9.990154E-01  8.436674E-01 -7.655433E-02 -1.216413E+00 -1.644284E-03 -9.846054E-03 -8.462339E-03
 4.000463E+00  2.999310E+00  9.995791E-01  1.099601E+00 -1.603354E+00 -6.386437E-01 -1.261948E-03 -6.367209E-03 -5.135421E-03
 5.999489E+00  1.999682E+00 -9.680663E-04 -1.366505E-01 -1.882393E+00  1.072388E+00 -1.051049E-02  5.289467E-03 -1.474571E-02
 7.000377E+00  3.000755E+00 -6.820415E-04  4.629494E-01  1.717330E+00 -3.279007E-01 -1.046872E-02  1.012461E-02 -1.895998E-02
 7.000110E+00  2.000320E+00  9.998206E-01 -7.506785E-01 -4.280351E-01  7.166876E-01  4.020213E-03 -4.517260E-03  1.481859E-03
 6.000172E+00  3.000477E+00  9.994646E-01  6.833985E-01  1.540398E+00 -1.011351E+00  8.020902E-04  1.383137E-02 -1.178237E-02
 8.000797E+00  1.999632E+00 -2.453042E-04 -1.144695E-01  1.372187E+00  4.820225E-02  1.782456E-02 -1.817670E-02 -1.325503E-02
 9.000766E+00  3.000168E+00  5.716168E-04 -1.269183E+00 -1.339853E-01  9.245259E-01  6.347949E-03 -4.617749E-03  8.477537E-03
 9.000084E+00  1.999816E+00  9.999351E-01  3.363188E-01  4.051257E-01 -1.401957E+00 -1.520909E-03 -1.867289E-03 -6.398832E-03
 8.000848E+00  3.000719E+00  9.996897E-01 -9.039352E-02 -1.239957E+00  9.637014E-01  1.103333E-02  5.771044E-03  7.251451E-03
-7.910957E-04  3.999971E+00  7.972879E-04  1.435774E+00 -3.600995E-01 -1.644614E+00 -1.218384E-02 -2.204408E-03  1.971494E-02
 1.000380E+00  5.000097E+00 -7.968054E-04 -2.463157E-01 -1.423260E+00  1.522408E+00  1.115359E-02  4.015516E-03  5.063165E-03
 1.000019E+00  4.000821E+00  9.991792E-01 -9.862892E-01  1.351415E+00 -2.605519E-01  6.457513E-03  1.442226E-03 -1.130391E-04
 2.639631E-04  5.000938E+00  9.999060E-01  1.846050E+00 -1.528847E+00  2.796991E-01  2.282462E-04 -1.708914E-03 -1.291627E-05
 1.999287E+00  4.000418E+00  4.437191E-04  7.713702E-01  1.168453E+00  1.028568E+00 -1.734368E-02  5.837299E-03  7.619129E-03
 2.999610E+00  4.999716E+00 -7.985437E-04  1.046906E+00 -1.235793E+00  1.012350E-01 -7.999540E-03 -7.091258E-03 -2.349888E-02
 3.000876E+00  3.999331E+00  1.000540E+00  1.329910E+00 -3.098236E-01  1.029365E+00  3.603709E-03 -1.011030E-02  3.804084E-03
 1.999933E+00  4.999945E+00  1.000444E+00  2.306740E-01  1.014894E+00 -1.872115E+00 -1.588658E-02 -1.976836E-03  2.371694E-03
 4.000676E+00  3.999504E+00 -6.923190E-04  1.798110E+00 -1.840897E+00 -1.653707E-01  8.605097E-03 -1.053913E-02 -1.426521E-02
 5.000747E+00  4.999862E+00  2.990093E-04  4.214681E-01  4.567275E-01 -1.004764E-01  2.081005E-03  1.634162E-03 -7.101890E-04
 4.999861E+00  4.000656E+00  9.991528E-01 -1.590773E+00  3.067015E-01  6.252389E-01 -5.882402E-03  7.879199E-03 -6.765039E-03
 3.999926E+00  5.000900E+00  9.993626E-01 -1.155850E+00 -5.027149E-01 -4.288038E-01  1.316872E-02  5.963951E-03  3.946249E-03
 6.000823E+00  3.999094E+00  3.176833E-05  7.770888E-01  9.417264E-01  3.515934E-01 -4.760203E-03 -2.386068E-02  9.165217E-04
 7.000704E+00  5.000955E+00  7.900149E-04 -3.204432E-01 -1.349062E+00 -1.237684E+00  1.570199E-02  9.252426E-03  8.406000E-03
 7.000255E+00  4.000129E+00  1.000532E+00 -3.353053E-01  5.800617E-01 -1.340430E-01 -2.632002E-03  5.822416E-03  1.175598E-02
 6.000374E+00  5.000472E+00  1.000715E+00  7.934774E-01 -1.608647E+00  3.404882E-02  4.273948E-05  8.370589E-03  1.313275E-02
 8.000660E+00  4.000890E+00 -9.434663E-04  1.075248E+00  1.540943E+00  5.325991E-01  5.498789E-03  1.108227E-02 -1.521706E-02
 9.000085E+00  4.999274E+00  4.268988E-04  1.146202E+00  1.173644E+00 -1.639069E+00 -1.809727E-03 -1.990196E-02  1.508045E-02
 9.000480E+00  4.000721E+00  9.998062E-01 -1.577075E+00 -1.787762E+00 -1.008349E+00  1.037879E-02 -5.418244E-04 -9.613397E-03
 8.000275E+00  5.000063E+00  1.000214E+00  1.080120E+00 -1.467492E-01  5.195679E-01 -6.678282E-03  6.681415E-03 -3.528205E-03
 2.403982E-04  5.999054E+00 -9.260672E-04 -1.414803E+00  1.306904E+00  1.699966E+00  8.472103E-03  2.318018E-03  2.175141E-03
 9.996634E-01  6.999389E+00  1.656629E-04 -1.383192E+00 -8.346802E-02  4.724837E-01 -6.820977E-03 -1.461055E-02 -6.531527E-04
 1.000146E+00  6.000022E+00  9.994382E-01  3.069140E-01 -2.445539E-01 -7.830867E-01  5.584491E-03  1.088511E-04 -1.621655E-02
 8.409633E-05  6.999453E+00  9.992358E-01  1.321739E+00  1.516143E+00 -1.169075E+00 -3.646183E-04 -1.717311E-03 -1.354310E-02
 1.999469E+00  5.999587E+00  7.162336E-04  2.263417E-01 -5.084847E-01  2.306552E-01 -1.782011E-02 -1.007481E-02  6.178757E-03
 3.000668E+00  7.000428E+00 -3.116423E-04 -3.310751E-01  1.377174E+00 -4.071234E-01  6.738351E-03  2.349317E-02 -4.988529E-04
 2.999819E+00  6.000354E+00  1.000768E+00 -1.036481E+00 -7.076120E-01 -3.957399E-01 -6.283547E-03  8.645448E-03  1.925970E-02
 1.999482E+00  6.999744E+00  9.998245E-01  6.558826E-01  1.155109E+00  1.021582E+00 -4.092057E-03 -1.565076E-02  8.276448E-03
 4.000613E+00  6.000352E+00  5.177156E-04  1.811045E+00 -4.904095E-01  1.691257E+00  1.042678E-02 -3.072145E-03  8.563626E-03
 5.000859E+00  7.000574E+00 -7.961810E-04  4.856237E-01  1.622579E+00 -1.877470E+00  1.459937E-02 -1.004651E-03 -7.457095E-03
 5.000797E+00  5.999779E+00  1.000330E+00 -1.088681E+00  7.702903E-02 -1.207194E+00  5.966324E-03 -1.639932E-02  2.852643E-04
 3.999760E+00  7.000554E+00  1.000057E+00 -6.984648E-01 -1.988798E+00 -7.089765E-01 -2.083016E-02  1.594988E-02 -5.688282E-04
 5.999085E+00  6.000336E+00 -9.193621E-04  1.722678E+00  5.934403E-01  1.896979E+00 -1.391711E-02  3.041517E-03 -8.079407E-03
 6.999882E+00  6.999986E+00 -5.034250E-04 -2.741013E-01 -1.719007E+00  1.253860E+00  6.238945E-03  7.448964E-03 -5.914789E-03
 7.000392E+00  5.999484E+00  9.997498E-01 -1.528259E+00 -1.692905E+00  4.944565E-01  4.396290E-03 -1.595787E-02  1.380476E-03
 6.000896E+00  6.999715E+00  9.995000E-01  1.799440E+00  1.512663E+00 -1.388059E+00  8.578494E-03  2.396487E-03 -8.522310E-04
 8.000991E+00  6.000167E+00  8.601266E-04  1.330222E+00  1.525740E+00 -9.216687E-01  5.838586E-04 -2.316994E-03  1.211160E-02
 9.000570E+00  6.999201E+00  6.571686E-05  1.163623E+00 -2.827551E-01  1.641896E+00  1.291788E-02 -1.816586E-04  4.477738E-03
 9.000512E+00  5.999855E+00  1.000785E+00  1.002410E+00 -1.337941E+00 -1.919536E+00  5.883022E-03 -5.177815E-03  3.743325E-03
 7.999727E+00  7.000963E+00  9.999054E-01  9.200396E-01 -1.801831E+00 -1.781672E+00 -8.678779E-03  1.668099E-02 -1.150195E-02
-9.192224E-04  7.999046E+00 -4.016244E-04 -8.206734E-01 -3.293796E-01  1.619878E+00 -1.895737E-02 -1.615681E-02 -7.266804E-03
 1.000897E+00  8.999565E+00  1.070606E-05 -2.783475E-01  1.491782E+00  1.218417E+00  1.905524E-02  1.942865E-03  2.697074E-03
 9.991437E-01  8.000312E+00  1.000763E+00 -6.105558E-01  1.107883E-01  1.489461E+00 -1.009683E-02  6.315406E-03  1.628569E-02
 4.517369E-04  8.999864E+00  1.000636E+00 -1.671787E+00 -5.502096E-01 -9.521895E-02  6.037505E-03  8.695521E-03  1.234316E-02
 2.000623E+00  8.000227E+00 -7.648573E-04  1.096105E+00 -1.923531E-02  5.587336E-01  1.299822E-02  1.085083E-02 -1.924210E-02
 2.999878E+00  9.000405E+00 -2.841322E-04 -9.285353E-01  4.532642E-01  3.594943E-01 -1.261924E-03 -1.232359E-03 -1.348148E-02
 3.000387E+00  7.999224E+00  9.995925E-01  4.231847E-01 -8.256713E-01 -6.562986E-01  1.251731E-02 -1.529441E-02 -1.208786E-02
 2.000294E+00  8.999624E+00  9.991556E-01  1.314626E+00  1.173425E+00  5.807461E-01 -2.045078E-03  1.031181E-02 -1.560779E-02
 3.999290E+00  8.000316E+00  1.575556E-04  1.442150E+00  1.654107E+00 -4.566327E-01 -2.420103E-02 -1.263458E-04  2.473502E-03
 4.999910E+00  9.000620E+00  9.162413E-04  1.656840E-01 -4.012505E-01 -9.250251E-01  6.192291E-04  5.746899E-03  1.011471E-02
 5.000098E+00  7.999638E+00  1.000302E+00 -1.124398E+00 -8.891396E-01  1.356432E+00 -2.695239E-06  5.337344E-03 -3.117380E-03
 4.000850E+00  8.999745E+00  1.000964E+00  9.649864E-01  1.819816E+00  1.703708E+00  1.342397E-02  2.449236E-03  9.571776E-03
 5.999170E+00  8.000867E+00  2.595726E-04 -1.501735E+00  5.094331E-01  5.185683E-01 -9.841707E-03  6.766440E-03  5.321127E-03
 7.000363E+00  9.000058E+00  7.110861E-04 -1.691919E+00  3.196023E-01 -9.220236E-01  1.328459E-03  7.066391E-03  8.117562E-03
 7.000232E+00  8.000087E+00  1.000496E+00 -1.294368E+00 -1.928604E+00 -1.852489E+00  5.707980E-03 -1.443656E-05  4.587229E-03
 6.000563E+00  8.999373E+00  9.997627E-01  1.518005E+00  1.675748E+00 -1.271815E+00  9.789256E-03 -8.400618E-03 -1.699886E-02
 7.999132E+00  7.999008E+00  7.548569E-04  1.002586E+00  3.705906E-02 -1.079876E+00 -2.189741E-02 -1.547465E-02  1.060549E-02
 9.000994E+00  9.000604E+00 -6.272031E-04 -6.306816E-03  8.792947E-02  1.108615E+00  1.797240E-02  6.184659E-03 -4.219577E-03
 9.000359E+00  8.000227E+00  9.995041E-01  3.525197E-01 -1.068350E+00 -8.636961E-01  2.116537E-03  6.346051E-03 -4.669693E-03
 8.000213E+00  9.000110E+00  9.998527E-01 -9.212056E-01 -1.143320E+00  1.375503E+00 -8.067635E-03  6.543125E-03  3.516221E-03
 8.554822E-04 -7.771963E-04  2.000351E+00 -1.655759E-01  1.048628E+00 -1.298976E+00  2.090571E-02 -1.571821E-02 -3.422373E-03
 1.000461E+00  1.000663E+00  2.000031E+00 -5.305909E-01  1.341454E+00 -3.024981E-01 -3.894856E-03 -3.600791E-03  6.552793E-03
 9.991304E-01  3.992462E-04  2.999240E+00 -7.653864E-01 -1.544103E+00  1.226381E+00 -1.422833E-02  6.403359E-03 -6.663325E-03
 8.032704E-04  9.993723E-01  3.000909E+00  2.925197E-01 -5.358613E-02  9.108125E-01  2.081280E-02 -5.073018E-03  1.560032E-02
 2.000405E+00 -8.119898E-04  1.999149E+00 -1.243591E+00  7.707193E-01  1.359549E+00  1.533633E-02 -5.885101E-03 -8.262131E-03
 3.000313E+00  9.990225E-01  1.999879E+00 -1.038406E+00  1.231898E+00  1.809809E+00  3.235204E-03 -2.464774E-02  4.542993E-03
 2.999216E+00  6.784946E-04  2.999745E+00  1.368895E+00  9.572931E-01  1.086401E+00 -8.547353E-03  1.688865E-02 -1.991304E-02
 2.000453E+00  9.997456E-01  3.000719E+00 -8.434015E-01 -9.496847E-01 -5.192668E-01  1.062277E-02 -2.856297E-03  2.558051E-02
 3.999342E+00 -6.424576E-04  2.000877E+00 -3.940284E-01  6.309553E-01 -1.453970E+00 -3.544648E-03 -1.473241E-02  1.000834E-02
 5.000421E+00  9.993189E-01  1.999994E+00 -1.756659E+00 -1.298698E+00  9.128318E-01  1.246830E-02 -1.645415E-02 -5.927771E-03
 4.999236E+00 -7.818913E-04  2.999162E+00 -1.924472E+00  3.264878E-02  4.423431E-01 -1.387814E-02 -2.320603E-02 -1.006307E-02
 4.000185E+00  1.000046E+00  2.999941E+00 -1.071534E+00 -1.278039E-01  3.683648E-01 -2.291940E-03 -8.947450E-03  6.342821E-03
 5.999733E+00  6.991732E-05  1.999244E+00 -7.138442E-01  1.276044E+00 -1.720760E+00 -4.443256E-03  1.307864E-02 -4.743814E-03
 6.999223E+00  9.992486E-01  2.000576E+00  1.695958E+00  2.296595E-01 -1.885470E+00 -1.019532E-02 -1.390707E-02  1.048426E-02
 7.000185E+00 -9.760386E-04  2.999293E+00 -4.832073E-01 -6.018660E-01 -6.223528E-01  5.542032E-03 -1.460158E-02 -2.120537E-02
 6.000855E+00  9.999447E-01  2.999600E+00  1.454028E+00  1.626826E+00 -5.083384E-01  1.334930E-02 -7.868402E-04 -1.399268E-02
 8.000215E+00  9.924917E-05  2.000173E+00 -1.526678E+00  2.708411E-01 -8.199104E-01 -4.796489E-03 -2.081910E-03  3.166591E-03
 8.999411E+00  9.996826E-01  1.999174E+00 -1.793080E+00 -6.586619E-01 -1.440586E+00 -1.537225E-02  1.876003E-03 -1.152021E-02
 8.999910E+00  4.476654E-04  3.000516E+00  1.151591E+00  1.084570E+00  3.694368E-01 -1.328538E-02  7.151544E-03  1.881849E-02
 8.000127E+00  9.997699E-01  3.000005E+00  5.984058E-01 -1.101142E+00 -1.419120E+00  1.040483E-02 -4.185742E-03 -2.139393E-03
-9.202007E-04  1.999127E+00  2.000242E+00  8.886585E-01  1.775926E+00 -3.067538E-01 -1.349437E-02 -9.793889E-05 -2.049194E-03
 9.990555E-01  3.000970E+00  1.999271E+00  7.258208E-01 -1.046983E+00  9.969780E-01 -9.001265E-03  2.253522E-02 -1.762113E-02
 1.000034E+00  2.000034E+00  3.000086E+00 -4.031227E-01  1.853430E-01  1.044829E+00 -1.590635E-03 -1.590170E-02  9.297281E-03
-3.942779E-04  3.000875E+00  2.999852E+00  1.907776E-01  9.857746E-02  1.702378E-01 -3.006824E-03  1.331260E-02 -5.903263E-03
 2.000421E+00  2.000909E+00  1.999356E+00  1.481542E+00 -9.623419E-01  2.317407E-01  1.066364E-02  1.227541E-02 -8.623947E-03
 3.000082E+00  2.999009E+00  2.000820E+00 -8.620286E-01  1.095644E+00 -4.776690E-01 -6.523933E-04 -2.340014E-02  6.498940E-03
 2.999746E+00  2.000399E+00  3.000100E+00 -1.291561E+00 -1.570681E+00  5.236633E-01 -4.142696E-03  1.168746E-02  1.133152E-02
 2.000373E+00  3.000548E+00  3.000728E+00 -1.713501E+00  7.935371E-01  6.344798E-01  1.400658E-02  2.885330E-03  8.338774E-03
 3.999685E+00  2.000914E+00  1.999283E+00  1.333541E+00  1.833049E+00 -1.247523E+00 -8.885496E-03  2.493116E-02 -3.497014E-03
 4.999693E+00  3.000301E+00  1.999993E+00  1.683531E+00  5.459557E-01  8.727108E-01 -1.007222E-02  1.136474E-03  9.277957E-03
 4.999957E+00  2.000930E+00  3.000201E+00 -1.190932E+00  4.883125E-01  6.060640E-01 -5.674811E-03  1.811954E-02  8.658187E-03
 4.000538E+00  2.999107E+00  3.000407E+00  8.905398E-01  2.068040E-01  1.516267E+00  5.479276E-03 -2.194124E-02  2.364687E-03
 5.999261E+00  1.999695E+00  1.999855E+00  1.203093E+00  1.531267E+00  3.253500E-01 -8.263161E-03 -1.409792E-02  1.831788E-04
 7.000562E+00  3.000091E+00  2.000395E+00  1.115065E+00 -1.288346E+00  1.754979E+00  1.900291E-02  6.652236E-03  6.592052E-03
 7.000093E+00  2.000778E+00  3.000374E+00 -5.345433E-01  7.142817E-01 -1.605736E+00  4.966473E-03  6.421038E-03  7.670681E-03
 5.999291E+00  3.000699E+00  3.000965E+00 -2.534397E-01  4.671998E-01 -1.631088E+00 -8.743014E-03  1.232796E-02  2.031580E-02
 7.999005E+00  2.000213E+00  1.999790E+00  3.807813E-01  1.948453E-01  5.951262E-01 -7.201689E-03  5.413157E-03  1.715304E-03
 9.000423E+00  3.000514E+00  1.999389E+00 -1.581169E+00 -6.116137E-01  1.047166E+00  2.985332E-03  8.926275E-03 -7.744247E-03
 8.999434E+00  1.999594E+00  2.999405E+00  1.531559E+00 -5.788215E-01  1.436593E+00 -3.510092E-03 -4.094939E-03 -7.020593E-03
 8.000462E+00  3.000463E+00  2.999260E+00  1.697346E-01  4.126500E-01 -8.796837E-01 -9.009246E-03  6.354211E-03 -1.288270E-02
 1.664262E-04  4.000652E+00  1.999234E+00  1.794991E+00 -1.301239E+00  6.180927E-02  6.830884E-03 -8.140138E-03 -1.183565E-02
 9.998427E-01  4.999736E+00  1.999089E+00  5.684625E-01 -4.076547E-01 -3.116979E-02 -2.273934E-03 -1.857538E-02 -1.917425E-02
 9.996857E-01  3.999975E+00  2.999077E+00  3.113228E-01 -1.416387E+00 -1.190698E+00  1.070604E-03 -4.757684E-03 -1.310883E-02
 2.291928E-04  5.000823E+00  3.000960E+00 -8.302714E-01  2.172055E-01 -1.664007E+00 -7.297255E-03  1.743228E-02  5.394337E-03
 1.999497E+00  4.000418E+00  1.999494E+00  1.619072E-01  5.743855E-01  5.773577E-01 -1.505216E-02  9.019425E-03 -7.500310E-03
 3.000072E+00  5.000454E+00  2.000602E+00 -7.817919E-02  5.569707E-01  1.789084E+00 -2.192415E-03  5.710426E-03  1.277990E-02
 2.999810E+00  4.000563E+00  3.000150E+00  1.004173E+00 -1.081548E+00  1.658106E+00 -8.115342E-03  1.993237E-02  9.383773E-03
 2.000517E+00  4.999746E+00  2.999609E+00 -4.733959E-01  7.939179E-01 -1.103611E+00  1.781779E-02 -1.272709E-02  1.529044E-05
 4.000556E+00  4.000125E+00  1.999035E+00 -1.073367E+00 -5.761034E-01 -5.098762E-01  1.239556E-02  8.147047E-03 -1.195755E-02
 4.999682E+00  4.999010E+00  1.999123E+00  1.642850E-01  1.181687E+00 -6.094451E-01 -7.770155E-03 -8.367420E-03 -1.937112E-02
 4.999277E+00  4.000338E+00  3.000857E+00  1.844671E+00 -1.283534E+00  1.669651E+00 -2.618296E-03 -3.468689E-03  1.113862E-02
 3.999132E+00  4.999472E+00  3.000234E+00  3.559055E-01 -1.758997E+00 -1.390667E+00 -1.212176E-02  9.382323E-04  1.559224E-02
 6.000079E+00  3.999481E+00  2.000252E+00  1.281866E+00  1.411631E+00  8.055434E-01  7.927148E-03  9.756598E-04 -1.503713E-03
 7.000356E+00  4.999230E+00  1.999455E+00  1.058767E-01  1.482352E+00 -9.361925E-01 -1.243192E-03 -3.346002E-03 -1.230346E-02
 7.000069E+00  4.000067E+00  3.000109E+00  1.298093E+00 -1.336749E+00  1.678359E+00 -2.042324E-03 -1.221709E-03 -2.898884E-03
 6.000885E+00  5.000817E+00  2.999524E+00 -1.559123E+00 -1.580568E+00 -8.119985E-01  1.247476E-02  9.636756E-03 -1.345579E-03
 8.000230E+00  3.999462E+00  2.000177E+00  1.367109E+00  6.669756E-02 -5.006751E-01 -7.539002E-03 -1.386107E-02  1.035146E-04
 9.000510E+00  5.000440E+00  2.000583E+00  8.734880E-01  1.375623E+00 -2.360564E-01  7.091992E-03  4.612086E-03 -1.586207E-03
 9.000450E+00  4.000248E+00  3.000106E+00  1.434660E+00 -1.717668E+00 -1.284591E+00  1.877648E-03 -3.330974E-03  1.500772E-03
 7.999541E+00  5.000253E+00  3.000454E+00  1.306816E+00  1.088649E+00  1.088575E+00 -6.329392E-04  6.911401E-03  7.693905E-03
 3.156383E-04  6.000571E+00  2.000825E+00  1.118857E+00 -1.641337E+00  7.911141E-01 -1.096157E-02  3.365491E-03  1.197413E-02
 1.000811E+00  7.000764E+00  2.000073E+00 -2.244993E-01 -1.320602E+00 -9.631605E-01  1.203956E-02  1.106571E-02  5.592179E-03
 9.991369E-01  6.000542E+00  3.000420E+00 -1.531470E+00  1.340610E+00 -1.900709E+00 -1.937303E-02  1.623017E-02  1.252133E-02
-1.959920E-04  7.000299E+00  2.999834E+00  3.336914E-01  1.144547E+00 -8.938689E-01 -6.340938E-03 -1.268568E-02 -1.284829E-02
 2.000539E+00  6.000713E+00  2.000041E+00 -6.274814E-01 -8.986809E-02 -1.500464E+00  1.634037E-02  1.228073E-02 -9.683279E-03
 3.000254E+00  6.999017E+00  1.999572E+00  9.119097E-01 -1.811948E+00  9.435895E-01 -6.801312E-05 -1.106113E-02 -1.487112E-02
 3.000337E+00  6.000466E+00  3.000965E+00 -1.093657E+00  1.258784E+00  1.223725E+00  6.751132E-03 -9.564109E-04  1.494311E-02
 1.999090E+00  6.999577E+00  3.000490E+00  1.523118E+00 -1.798596E+00  1.355877E+00 -1.579815E-02 -5.064054E-03  2.061416E-03
 4.000829E+00  5.999397E+00  2.000581E+00 -1.786130E+00 -1.009849E+00  1.139654E+00  1.505940E-03 -6.065047E-03  6.543727E-03
 5.000885E+00  6.999216E+00  2.000873E+00 -9.027972E-01 -1.904106E+00  7.866513E-01  4.416793E-03  1.611049E-03  1.779366E-02
 4.999802E+00  5.999610E+00  3.000643E+00  5.929056E-01  1.040233E+00  2.692885E-01 -1.139534E-02  6.124742E-06  1.318031E-02
 4.000563E+00  6.999948E+00  3.000037E+00 -3.739844E-01 -1.235025E+00 -9.828572E-02  9.637319E-03 -6.932146E-03  2.803287E-03
 6.000991E+00  5.999640E+00  2.000414E+00 -6.408850E-01 -5.061511E-01  8.406096E-02  1.109939E-02 -2.589553E-03  5.594828E-04
 6.999497E+00  7.000398E+00  2.000282E+00  9.794861E-01 -1.996710E+00  5.084771E-01 -1.387379E-02  7.749842E-03  3.482587E-03
 7.000125E+00  6.000866E+00  3.000215E+00 -3.778274E-01  1.334654E+00  9.465048E-01 -2.104814E-03  5.394028E-03 -1.721873E-03
 6.000803E+00  7.000677E+00  2.999888E+00 -1.273253E+00  1.542885E+00 -1.766587E+00  6.157784E-03  1.012266E-02 -1.659788E-02
 7.999156E+00  5.999392E+00  1.999897E+00  3.361475E-01  1.038835E+00 -6.867491E-01 -8.803474E-03 -1.354843E-02 -5.446911E-03
 9.000368E+00  6.999062E+00  2.000680E+00 -1.542685E+00  3.169407E-01  2.303349E-01  1.427160E-02 -6.577877E-03  1.686553E-02
 9.000772E+00  5.999712E+00  3.000668E+00  1.425023E+00  5.818024E-02  7.184159E-01  1.731515E-02 -1.078615E-03  3.888434E-03
 8.000759E+00  7.000727E+00  2.999981E+00 -5.949578E-01 -1.643223E+00  1.504935E+00  8.071666E-03  1.582709E-02  8.224072E-03
-8.368706E-04  7.999090E+00  2.000791E+00 -1.500625E+00  1.723729E+00  1.576950E+00  9.816612E-04 -1.110152E-03  1.037061E-02
 9.993657E-01  8.999224E+00  2.000132E+00 -4.791609E-01 -1.871213E+00  1.758557E+00 -1.984164E-02  4.859401E-04  5.522280E-04
 1.000803E+00  8.000226E+00  2.999972E+00 -1.901606E+00 -2.012633E+00 -4.490846E-01  1.105667E-02  8.078880E-03 -5.277996E-03
 5.991052E-04  8.999080E+00  2.999613E+00  1.139381E+00 -1.276002E+00 -9.490729E-02  1.548811E-02 -8.612219E-03 -3.997963E-03
 2.000386E+00  7.999624E+00  2.000432E+00 -5.367180E-01 -1.227662E+00 -5.006842E-01 -6.979841E-03 -9.092306E-03  1.529759E-02
 3.000717E+00  9.000041E+00  2.000641E+00  1.454818E+00 -6.152562E-01  1.216964E+00  8.599015E-03  1.206089E-02  7.287225E-03
 2.999346E+00  8.000606E+00  2.999108E+00  1.379680E+00 -8.311910E-01  1.463628E+00 -5.402206E-03  1.314537E-02 -1.302863E-02
 1.999702E+00  9.000360E+00  3.000165E+00 -8.887472E-01 -2.727923E-01  8.910784E-01 -7.528695E-03 -4.227364E-03 -2.191560E-04
 4.000130E+00  7.999350E+00  2.000054E+00  1.220669E+00  5.008082E-02 -4.198953E-01  4.131907E-04 -8.650698E-04 -7.442137E-03
 4.999315E+00  9.000187E+00  2.000850E+00 -3.156014E-01  1.648213E+00 -1.682537E+00 -1.935896E-02  1.497210E-02  1.244833E-02
 5.000830E+00  7.999007E+00  2.999689E+00 -1.682584E+00  1.825870E+00 -1.189957E+00  8.508841E-03 -7.758932E-03 -2.128332E-03
 4.000967E+00  9.000186E+00  3.000853E+00  1.388425E+00  9.042643E-01  6.033252E-01  1.728871E-02  8.625205E-03 -1.532280E-03
 6.000399E+00  7.999447E+00  1.999641E+00 -1.919826E+00  9.064233E-01 -1.300310E+00  5.479543E-03 -1.777394E-02 -4.532536E-04
 7.000684E+00  9.000163E+00  2.000568E+00 -7.466345E-02  1.453090E+00  1.405079E+00  1.332727E-02  5.670232E-03  3.231863E-03
 7.000413E+00  8.000593E+00  3.000469E+00 -5.973879E-01  1.342369E+00 -1.690727E+00  6.985727E-03  2.734089E-03  2.761221E-03
 5.999324E+00  8.999629E+00  3.000585E+00 -1.540851E+00 -5.478903E-01 -9.610187E-01 -8.489384E-03 -1.023608E-03  2.265955E-02
 7.999771E+00  7.999808E+00  2.000156E+00 -1.013183E+00 -8.994098E-01 -1.199473E+00 -8.445686E-03 -3.792774E-04 -1.235810E-05
 8.999027E+00  8.999476E+00  1.999303E+00 -6.006772E-01 -1.103908E+00  6.233645E-01 -9.657172E-03 -5.616276E-03 -1.768894E-02
 8.999667E+00  7.999906E+00  3.000275E+00  1.220429E+00 -1.455893E+00 -1.236226E+00 -4.851273E-03 -1.007490E-02  4.525428E-03
 7.999927E+00  9.000909E+00  3.000836E+00  6.639059E-01  1.992670E-01 -1.751535E+00 -9.750641E-03  6.201994E-03  8.636605E-03
-5.920373E-04 -8.426116E-04  4.000908E+00 -5.054473E-01  1.312878E+00  1.613370E+00 -2.179138E-02  2.676766E-03  2.852837E-03
 9.997235E-01  9.998581E-01  3.999332E+00 -1.567412E+00  4.402146E-01  8.749296E-01  1.917620E-03  7.109299E-03 -6.904192E-03
 1.000830E+00  2.606395E-06  5.000590E+00  1.708396E+00 -1.931174E-01 -1.667089E+00  1.919943E-02  4.138452E-03  1.215732E-02
-5.099587E-04  1.000790E+00  4.999303E+00  1.412919E-01  1.174336E+00 -8.932291E-01 -9.952718E-03  1.908124E-02 -1.409574E-02
 1.999335E+00 -2.161804E-04  3.999975E+00  1.502490E+00 -1.285809E+00  7.125976E-01 -8.659400E-03  5.030575E-03 -4.344827E-03
 2.999709E+00  1.000853E+00  3.999208E+00  8.133146E-01 -1.086665E+00 -1.701109E-01 -8.618073E-03  1.477750E-02 -1.706705E-02
 3.000300E+00 -6.399079E-04  4.999107E+00  1.828374E+00 -9.351064E-01  9.413377E-02  7.033367E-03 -2.181586E-02  4.400648E-03
 1.999066E+00  1.000960E+00  4.999349E+00  7.898446E-01  1.078065E-01 -4.191964E-01 -2.388137E-02  5.940185E-03 -8.585252E-03
 4.000366E+00  5.308408E-04  4.000526E+00 -1.046628E+00  1.096114E+00 -7.442369E-03  9.968501E-03 -1.288871E-03  8.469475E-03
 4.999982E+00  1.000517E+00  3.999518E+00  7.108339E-01 -4.172818E-02 -1.464120E+00 -8.387234E-03  2.770521E-03  4.237534E-03
 4.999653E+00  7.232122E-04  4.999712E+00  1.806958E-01  6.681540E-01  1.012213E+00 -3.570862E-03  7.596810E-03 -9.411204E-03
 3.999522E+00  1.000630E+00  5.000129E+00  2.505813E-01  2.906245E-01 -5.965505E-01 -1.002938E-02  3.243728E-03  3.010098E-03
 5.999144E+00 -6.119903E-04  3.999400E+00  1.413281E+00  1.100988E+00  1.451024E+00 -1.335453E-02 -2.053203E-02  7.231899E-04
 6.999659E+00  1.000927E+00  4.000077E+00 -1.584106E+00  3.981429E-01 -1.757299E+00  2.458442E-03  1.622187E-02  3.326297E-03
 6.999100E+00  7.696470E-04  4.999685E+00 -1.513381E+00 -1.521040E+00  8.597847E-01 -1.630360E-02  7.035065E-04  1.548487E-03
 5.999180E+00  9.991898E-01  5.000680E+00 -1.682239E+00 -5.183782E-02 -1.023640E+00 -4.716213E-03 -1.356036E-03  1.701832E-02
 8.000661E+00 -3.105561E-04  4.000850E+00 -6.770454E-01  5.274960E-02  1.854844E+00  3.103193E-02  9.337859E-04  7.288020E-03
 8.999344E+00  9.990811E-01  4.000470E+00 -1.787663E-01  1.378233E+00 -2.882709E-01 -9.638925E-03 -2.107746E-02  1.965152E-02
 8.999713E+00  7.848547E-04  4.999011E+00  4.948947E-01 -1.494413E+00  8.063936E-01 -8.860846E-03  2.409474E-02 -3.161964E-02
 8.000757E+00  1.000105E+00  4.999012E+00 -1.716364E+00  5.428428E-01 -1.835144E+00  2.909224E-02  2.386839E-03 -1.892758E-02
-9.976780E-04  1.999417E+00  3.999448E+00  5.467387E-01 -9.140669E-01 -1.346274E+00 -9.640763E-04 -1.720649E-02  7.136466E-03
 9.997928E-01  3.000363E+00  4.000254E+00  1.291672E+00 -1.816285E+00 -1.331556E+00  6.066103E-03  8.478769E-03  5.825512E-03
 9.992073E-01  1.999303E+00  4.999204E+00 -1.315137E+00  5.914269E-01 -1.507452E-01 -2.374829E-03 -1.692777E-02 -1.116465E-02
-9.061259E-04  2.999414E+00  5.000484E+00  1.197851E+00 -1.734887E-01 -1.612018E+00 -1.273231E-02 -5.287594E-03 -2.792001E-03
 2.000392E+00  1.999278E+00  3.999731E+00  1.517888E+00  2.119234E-01  1.828659E+00  1.022245E-02 -1.958643E-02 -4.625003E-03
 3.000814E+00  2.999088E+00  3.999866E+00  2.031012E-03  1.357691E+00 -7.693035E-02  8.480414E-03 -1.887131E-02 -1.392747E-02
 3.000108E+00  2.000174E+00  5.000742E+00 -1.522408E+00  1.470193E+00 -1.122206E+00  1.089394E-02  1.960721E-03  6.604734E-03
 1.999212E+00  2.999669E+00  4.999964E+00 -1.588494E+00  3.746984E-01  5.165595E-01 -6.881439E-03 -4.458703E-04  1.151989E-02
 4.000236E+00  1.999945E+00  4.000251E+00  1.297397E+00  9.171603E-01  1.048311E+00  6.327822E-05  2.892771E-03 -1.319978E-03
 5.000449E+00  3.000015E+00  4.000840E+00 -1.083881E+00  1.252692E+00 -9.628712E-01  1.734689E-02 -6.800009E-03  3.448559E-03
 5.000646E+00  2.000811E+00  4.999714E+00  1.691060E+00 -1.080022E+00  9.055426E-01  1.304738E-02  2.027732E-02 -1.332650E-02
 4.000046E+00  2.999395E+00  5.000948E+00 -1.013002E+00  1.404732E+00  1.048808E+00  7.464778E-03 -1.809969E-02  9.182192E-03
 5.999932E+00  2.000682E+00  4.000766E+00 -1.409601E+00  1.625639E+00  1.467464E+00 -4.780371E-03  1.452036E-02  1.082252E-02
 7.000862E+00  2.999452E+00  3.999692E+00  8.859896E-01 -1.467713E+00 -1.675371E+00  1.144093E-02 -8.323613E-03 -6.052066E-03
 6.999326E+00  2.000446E+00  5.000697E+00  1.389068E+00  1.685914E+00 -6.579235E-01 -6.817788E-03  8.217045E-03  1.267442E-02
 5.999131E+00  2.999830E+00  5.000937E+00 -8.638751E-01 -9.536802E-02 -1.264023E-01 -1.585036E-02 -2.038654E-02  8.830293E-04
 8.000201E+00  1.999971E+00  4.000510E+00  1.804495E+00  1.202552E+00 -1.643687E+00 -5.693934E-03 -3.438599E-03  1.147738E-02
 9.000189E+00  3.000892E+00  4.000630E+00 -1.257559E+00  9.106248E-01 -4.089408E-03 -1.939011E-03  1.179998E-02  1.211515E-02
 8.999971E+00  1.999968E+00  5.000428E+00 -1.708224E+00  9.011409E-01 -1.190984E+00 -7.248345E-04 -7.979326E-03  3.799379E-03
 7.999781E+00  2.999997E+00  4.999403E+00 -9.072841E-01 -7.401290E-01 -1.587141E+00 -6.867551E-03  5.426788E-03 -5.224999E-03
 1.527657E-05  4.000850E+00  4.000869E+00  1.022021E+00  6.802819E-01 -1.469711E+00 -2.221823E-04  8.152945E-03  5.936129E-03
 1.000831E+00  4.999623E+00  4.000829E+00 -3.659644E-01  1.815340E+00 -2.086986E-01  5.844443E-03 -6.802683E-03  1.711199E-02
 9.994726E-01  4.000144E+00  4.999480E+00  7.014078E-01  7.814023E-01 -7.537304E-01  5.670883E-03  6.347135E-03 -1.667684E-02
-5.172519E-04  5.000923E+00  4.999710E+00 -4.847361E-02  1.401779E+00 -5.548973E-01 -4.710516E-03  1.186665E-02  9.724409E-04
 1.999892E+00  4.000422E+00  3.999679E+00  1.728986E+00 -5.479191E-01 -8.443254E-01 -7.219321E-03  1.468784E-02 -7.164054E-04
 3.000583E+00  5.000277E+00  3.999832E+00 -8.179014E-01 -1.298523E+00  3.448328E-02  1.645384E-02  8.585520E-05 -6.575109E-03
 2.999104E+00  4.000749E+00  5.000481E+00  8.264478E-01 -1.603248E+00  1.793427E+00 -1.723207E-02  1.813006E-02  6.663594E-03
 2.000170E+00  4.999327E+00  4.999247E+00  7.969658E-01  1.573907E+00  1.459607E+00  4.561831E-03 -1.705700E-02 -8.745415E-03
 3.999522E+00  4.000484E+00  4.000315E+00 -4.450924E-01  1.072048E+00  1.137666E+00  3.147898E-03  2.216558E-02 -5.064601E-03
 4.999433E+00  5.000589E+00  3.999371E+00  1.585544E+00 -1.283340E+00  7.297029E-01 -2.087528E-02  9.379942E-03 -6.410795E-03
 4.999768E+00  4.000585E+00  4.999189E+00 -1.902727E+00  1.701884E+00  1.637452E+00 -3.712438E-03 -2.805969E-03 -7.251870E-03
 4.000061E+00  5.000474E+00  4.999058E+00 -1.102426E-01  1.486180E-01  1.569740E+00  6.296224E-03  4.776544E-03 -2.728313E-02
 5.999874E+00  3.999228E+00  3.999039E+00  1.761835E+00  3.419692E-01 -1.390103E+00 -8.150473E-03 -1.512934E-02 -2.030636E-02
 6.999015E+00  5.000157E+00  4.000256E+00  1.611739E+00 -1.795112E+00 -8.740394E-01 -7.741724E-03  8.867730E-03 -4.716118E-03
 7.000234E+00  3.999195E+00  5.000776E+00 -1.410534E+00 -7.840269E-03  9.259544E-01  1.234051E-02 -1.620403E-02  1.091118E-02
 6.000605E+00  5.000576E+00  4.999606E+00 -9.376052E-01  3.280109E-01 -1.040636E+00  4.628125E-03  1.122770E-02 -2.568615E-03
 7.999839E+00  3.999704E+00  4.000470E+00  3.812639E-01 -7.509527E-01  5.302907E-01  8.340208E-03 -8.547907E-03  8.815155E-03
 8.999156E+00  4.999689E+00  4.000100E+00  7.683162E-01  1.193188E-01 -1.406664E+00 -1.239018E-02 -4.909257E-03  5.558929E-03
 8.999021E+00  4.000730E+00  5.000422E+00 -7.271435E-01 -1.719667E+00  6.014034E-01 -1.751138E-02  1.067009E-02  2.213527E-03
 8.000812E+00  5.000871E+00  4.999952E+00  4.809774E-01 -1.786426E+00  1.517987E+00  3.215681E-02  6.646738E-03 -5.874144E-03
 7.996215E-04  6.000783E+00  3.999277E+00  1.049431E+00  1.023724E-01 -1.431970E+00  1.533809E-02  8.369491E-04 -2.322134E-02
 9.997263E-01  7.000234E+00  4.000617E+00 -1.230802E+00 -7.137678E-01 -1.069751E+00  6.445416E-03  1.248421E-03 -5.749914E-04
 9.992698E-01  5.999547E+00  5.000622E+00  1.552255E+00  1.180752E+00 -2.755041E-01 -1.429871E-02 -1.599617E-02  1.285213E-03
-2.967528E-04  7.000853E+00  5.000583E+00  3.170511E-01  2.284690E-01 -1.721839E+00  1.894401E-03  1.219076E-02  3.279859E-03
 1.999618E+00  6.000329E+00  3.999566E+00  1.207272E+00  7.897460E-01  1.487963E+00  3.721444E-03  9.375551E-03 -6.862856E-03
 3.000485E+00  6.999350E+00  3.999511E+00 -5.250061E-02  9.291916E-01  1.311009E+00 -9.161041E-04 -1.738182E-02  3.653757E-03
 2.999183E+00  6.000080E+00  5.000269E+00 -1.107537E+00  8.204610E-01  4.624447E-01 -7.123161E-03 -4.022723E-04 -1.367023E-03
 2.000791E+00  6.999974E+00  4.999258E+00  4.458397E-01 -3.618441E-01 -4.367350E-01  1.335473E-02  1.584736E-02 -1.274658E-02
 4.000007E+00  5.999239E+00  3.999432E+00 -1.719558E+00 -1.165730E+00 -3.383094E-01 -6.210147E-04 -1.678695E-02 -1.524236E-02
 4.999491E+00  7.000069E+00  4.000651E+00  1.691105E+00  1.586613E+00 -4.963855E-02 -6.614487E-03  2.529484E-03  6.044987E-03
 4.999530E+00  6.000246E+00  5.000427E+00  8.410259E-01 -1.641244E+00 -2.767912E-01  3.359648E-04 -4.088399E-03 -6.736393E-03
 3.999471E+00  7.000904E+00  4.999387E+00 -1.113902E+00  1.634944E+00 -1.150116E+00  4.083359E-03  1.586462E-02 -8.663178E-03
 5.999209E+00  6.000309E+00  4.000385E+00  1.045324E+00  1.529580E+00 -3.412499E-01 -6.879530E-03 -5.171224E-03  6.066123E-03
 7.000962E+00  7.000297E+00  3.999951E+00 -4.442962E-01 -3.274246E-01  3.239640E-01  1.018628E-02 -2.770007E-03  6.608302E-03
 7.000727E+00  6.000716E+00  4.999404E+00 -3.425982E-01  4.892980E-01 -4.661751E-02 -1.923049E-05  1.676393E-02 -5.206243E-03
 6.000948E+00  7.000180E+00  4.999385E+00  1.792321E-02  5.872163E-01 -1.087400E+00  8.471172E-03  2.521591E-03  2.957550E-03
 7.999928E+00  5.999408E+00  3.999491E+00 -7.921587E-01  4.865652E-01  1.708174E+00 -4.113015E-03 -1.021846E-02 -3.004717E-03
 8.999123E+00  7.000134E+00  3.999918E+00 -1.882135E+00 -7.452878E-01  7.552213E-01 -1.122317E-02  1.105050E-02 -1.557470E-02
 8.999818E+00  5.999018E+00  5.000763E+00 -9.760784E-01  6.475140E-01  9.653855E-01 -4.905582E-03 -2.499594E-02  2.579947E-02
 7.999034E+00  7.000340E+00  5.000231E+00  1.677005E+00 -1.187924E+00 -3.015688E-01 -1.270625E-02  1.434548E-03  6.936141E-03
-3.583956E-04  8.000591E+00  4.000864E+00 -1.104577E+00 -1.808412E+00 -1.024282E+00 -1.769703E-03  1.019119E-02  1.331989E-02
 1.000490E+00  8.999601E+00  3.999525E+00  1.725384E+00  1.231738E-01  2.586520E-01  7.401994E-03 -1.572008E-02 -1.035468E-02
 1.000461E+00  8.000120E+00  4.999051E+00 -2.377008E-01 -3.666237E-01 -2.601063E-01  7.204358E-04  3.193351E-03 -1.037651E-02
-2.765212E-04  8.999469E+00  5.000716E+00  1.023835E-02 -8.438142E-01 -5.347679E-01 -1.772669E-05 -1.699021E-02  6.572863E-03
 1.999473E+00  7.999677E+00  4.000496E+00 -1.984062E-01 -1.051354E+00  4.521163E-01 -1.891563E-02 -5.553476E-03  1.326552E-02
 3.000836E+00  8.999244E+00  4.000631E+00  9.427302E-01 -9.661208E-01  1.695252E+00  1.373559E-02 -8.409372E-03  1.672172E-02
 2.999015E+00  7.999474E+00  5.000131E+00  4.478685E-02  6.347866E-01  8.028914E-01 -1.558666E-02 -2.423412E-03  9.094380E-04
 2.000677E+00  8.999756E+00  5.000902E+00 -1.119589E+00 -1.497873E+00 -1.379518E+00  6.977238E-03 -3.929356E-03  1.172005E-02
 4.000314E+00  8.000468E+00  3.999257E+00 -1.336268E+00 -1.151429E+00 -6.938020E-01  3.350582E-03  4.061811E-03 -3.674072E-04
 5.000902E+00  9.000724E+00  4.000040E+00  1.472544E+00  6.130013E-01  1.206480E+00  1.294657E-02  1.479467E-02 -1.316360E-02
 4.999441E+00  7.999017E+00  5.000880E+00  1.769126E+00 -6.167721E-01 -1.437364E+00 -5.629296E-03 -1.687908E-02  1.725937E-02
 4.000350E+00  8.999399E+00  4.999666E+00 -1.548668E+00  1.647370E+00 -4.304061E-01 -9.139795E-03  2.685054E-04 -4.845121E-04
 5.999138E+00  8.000440E+00  4.000466E+00  4.592734E-01  1.047346E+00 -9.783034E-01 -5.224942E-03  1.079231E-02 -1.310304E-03
 6.999299E+00  8.999886E+00  3.999769E+00  1.069950E+00 -1.874235E+00 -1.114226E+00 -7.345488E-03 -9.754535E-03 -1.103090E-02
 6.999986E+00  8.000488E+00  4.999705E+00  8.563202E-01  5.839793E-01  1.435054E+00 -3.588741E-03 -2.384886E-03 -9.311225E-03
 6.000236E+00  9.000079E+00  5.000628E+00 -1.692689E+00  1.141015E+00 -4.968263E-02  7.910361E-03 -7.690046E-04  3.166179E-03
 8.000246E+00  8.000655E+00  3.999387E+00 -1.161042E-01  2.089809E-02 -6.840904E-01  4.401341E-03 -2.205550E-03 -1.204906E-02
 9.000381E+00  9.000250E+00  3.999624E+00  8.381262E-01 -1.559183E+00 -1.259027E+00  1.196342E-03  4.598791E-03 -3.931456E-03
 8.999110E+00  8.000305E+00  4.999512E+00 -1.657812E+00  1.343746E+00 -1.539597E+00 -2.221496E-03  1.013058E-03 -7.738186E-03
 7.999767E+00  8.999978E+00  5.000628E+00  1.240758E+00  5.597105E-02  1.165325E+00  1.885775E-03 -9.146846E-03  1.564303E-03
 3.151027E-04 -6.594882E-04  6.000924E+00 -1.090216E+00  1.623543E-01 -1.754560E+00 -6.811410E-04 -1.955560E-02  2.259335E-02
 1.000429E+00  9.998424E-01  5.999014E+00 -1.176535E+00  5.595294E-01  1.914202E+00  1.338725E-02 -6.716321E-03 -1.541032E-02
 1.000107E+00 -6.669814E-04  7.000082E+00  1.420842E+00  5.172735E-01  8.517742E-01 -3.678146E-04 -3.682579E-03  1.422401E-03
-6.300739E-04  1.000366E+00  7.000525E+00 -1.624095E+00 -1.891296E+00 -7.839085E-01 -7.918181E-03  4.254287E-03  8.789224E-03
 2.000532E+00  5.858578E-04  5.999311E+00 -1.142961E+00 -1.252022E-01  1.098586E+00  3.443852E-03  1.604044E-03 -1.242614E-03
 3.000985E+00  9.996074E-01  5.999924E+00  1.395144E+00  8.331103E-01 -1.126352E+00  1.985562E-02  1.335448E-03  4.833132E-03
 2.999683E+00 -3.555257E-04  6.999411E+00 -1.258332E+00 -1.119770E+00 -1.221796E+00 -1.134601E-02 -4.883862E-03 -6.140380E-03
 1.999244E+00  9.992047E-01  6.999370E+00  1.781743E+00 -2.615790E-01 -1.866470E+00 -3.624913E-03 -6.688577E-03 -2.733316E-03
 4.000615E+00 -4.582102E-04  5.999317E+00 -8.276960E-01 -1.853169E+00  3.943809E-01 -1.907597E-03 -3.141336E-03 -2.245247E-03
 5.000760E+00  9.998138E-01  6.000806E+00  1.147769E+00 -1.032414E+00 -1.353899E+00  1.550157E-02 -6.775429E-03  1.314179E-02
 5.000000E+00 -2.393816E-04  6.999888E+00 -6.662245E-01 -1.510718E-02 -9.929842E-01  1.031991E-02  2.272560E-03 -1.322031E-02
 4.000036E+00  9.996364E-01  6.999670E+00  8.765099E-01  1.300866E+00 -9.296511E-01 -6.589862E-03  5.969822E-03 -3.315644E-03
 6.000815E+00 -7.316696E-04  6.000458E+00 -9.058633E-01 -1.462883E+00  5.565889E-01  9.058263E-03 -6.262134E-03  9.827203E-03
 6.999630E+00  1.000956E+00  6.000326E+00  8.821195E-01 -6.696828E-01  1.215983E+00 -2.086358E-02  1.668691E-02  1.368890E-03
 6.999483E+00 -2.156921E-04  7.000461E+00 -1.001593E+00 -1.498943E+00 -5.645975E-01 -1.463816E-02 -1.073891E-02  3.913823E-03
 5.999117E+00  9.990360E-01  6.999629E+00  1.719511E-01  4.822123E-02 -1.070287E+00 -9.028241E-03 -8.311314E-03 -1.196551E-03
 7.999799E+00  6.548877E-05  6.000982E+00  1.284638E+00 -9.576212E-01  6.480326E-01  7.478443E-03 -3.201351E-03  1.528940E-02
 8.999118E+00  9.994356E-01  5.999217E+00  1.306406E+00 -1.680998E+00 -2.564544E-01 -8.111737E-03  1.564627E-04 -9.943895E-03
 9.000881E+00 -1.730763E-04  6.999336E+00  1.122965E+00 -1.781383E+00 -1.008092E+00  1.604558E-02 -2.734496E-04 -7.546189E-03
 8.000821E+00  9.993788E-01  7.000895E+00 -1.467788E+00  2.001901E-01  1.825559E+00  6.612775E-03 -1.289961E-02  1.025940E-02
-5.877186E-04  1.999009E+00  6.000858E+00  1.397178E+00  4.146117E-01  2.554928E-01 -1.708345E-02 -1.022454E-02  3.545672E-03
 1.000795E+00  3.000039E+00  6.000007E+00 -1.437302E+00  1.175034E+00 -1.851989E-01  1.834470E-02  1.519180E-02  6.399828E-03
 9.996973E-01  1.999576E+00  7.000870E+00  1.889801E+00  1.186274E+00 -8.949784E-01  8.123657E-05 -4.591490E-03  8.373755E-03
-1.628570E-04  3.000881E+00  6.999956E+00  5.111735E-01 -1.268988E-01  1.906294E+00 -1.644469E-02  1.198174E-02  7.446631E-04
 2.000595E+00  2.000685E+00  6.000955E+00 -1.673903E+00 -1.341205E-01 -1.076888E+00  8.720363E-03  1.354653E-02  5.523010E-03
 2.999327E+00  3.000485E+00  5.999612E+00 -9.099222E-01 -4.880333E-01  7.977516E-03 -1.051112E-02  4.448919E-04 -8.678729E-03
 3.000561E+00  1.999463E+00  7.000742E+00  1.507647E+00  2.669375E-01  4.886993E-01  6.482586E-03 -2.907743E-03  1.883551E-02
 2.000285E+00  2.999777E+00  7.000756E+00 -1.822654E+00  9.458531E-01  7.527259E-01  1.484347E-03  5.110209E-03  4.705850E-03
 3.999457E+00  1.999336E+00  5.999963E+00  1.381227E+00 -1.275312E+00  1.052474E+00 -1.553415E-02 -9.048007E-03 -1.041138E-02
 4.999078E+00  3.000252E+00  6.000151E+00 -1.717936E+00  1.782053E+00  1.348380E+00 -1.082014E-02  6.691359E-03 -5.215039E-03
 5.000946E+00  1.999955E+00  7.000559E+00  1.381077E+00 -1.848227E+00  1.005817E+00  1.057014E-02 -1.986652E-04  2.196434E-02
 4.000172E+00  2.999550E+00  7.000838E+00  7.866962E-02  3.486089E-01  1.892653E+00  1.024172E-02 -3.900367E-03  1.962909E-02
 6.000663E+00  1.999290E+00  5.999082E+00 -8.086489E-01  1.819836E-01 -1.253716E+00  1.298088E-02 -1.617424E-02 -1.823556E-02
 7.000618E+00  3.000204E+00  6.000205E+00 -3.077632E-01  9.337707E-01  1.811096E+00  1.548242E-02 -3.727451E-03 -1.362591E-02
 6.999878E+00  1.999572E+00  7.000320E+00  1.704452E+00 -1.815027E+00 -1.813096E+00 -3.288739E-03 -6.684537E-03  4.124761E-03
 5.999251E+00  2.999386E+00  6.999864E+00 -1.859426E+00  5.953346E-01 -1.520066E+00 -1.311365E-02 -8.006783E-03  4.866656E-03
 7.999632E+00  2.000389E+00  5.999170E+00 -1.405911E+00  3.163107E-01  5.182433E-01 -8.183484E-04  1.091222E-02 -1.230347E-02
 8.999926E+00  3.000272E+00  6.000433E+00 -1.041311E+00  8.905649E-01  1.360529E+00 -1.092100E-03  6.721340E-03  1.537780E-02
 8.999517E+00  2.000600E+00  6.999002E+00 -3.908646E-01 -6.160963E-01 -5.163298E-01  4.173095E-03  1.426977E-02 -1.358511E-02
 8.000304E+00  3.000245E+00  6.999933E+00  7.733852E-01 -7.730456E-01 -1.092523E+00  1.223608E-02  5.246644E-03  3.138685E-03
-5.923734E-04  4.000074E+00  6.000641E+00  3.561201E-01  6.204217E-01 -1.747061E+00 -1.647022E-02 -2.583225E-03  1.833230E-02
 9.997556E-01  5.000457E+00  5.999776E+00 -5.656858E-01  3.383071E-01  5.734042E-01  1.950946E-03  1.301125E-02 -2.464153E-03
 1.000696E+00  3.999071E+00  6.999118E+00 -1.874424E+00  6.089304E-01 -1.534832E+00  1.256689E-02 -2.289741E-02 -1.162216E-02
-8.373636E-04  5.000463E+00  6.999832E+00 -4.516231E-01 -8.983117E-01  1.026912E+00 -9.893381E-03  9.888315E-03 -4.679038E-03
 1.999442E+00  4.000289E+00  6.000092E+00 -5.863696E-01 -1.456424E+00 -1.613008E+00  3.042588E-03  2.750661E-03  4.582653E-03
 2.999064E+00  4.999832E+00  5.999849E+00 -1.691808E+00  1.299491E-02  4.010178E-01 -2.353374E-02  4.110671E-03  9.180622E-03
 2.999251E+00  3.999803E+00  6.999600E+00 -5.419808E-03 -9.172310E-01 -1.409084E+00 -1.421867E-02  1.465279E-04 -5.277354E-03
 2.000807E+00  5.000897E+00  6.999414E+00  8.732483E-01 -1.988830E+00 -2.123043E-01  1.584230E-02  1.363026E-02 -2.047560E-02
 4.000675E+00  3.999703E+00  6.000997E+00  1.387803E+00 -7.349735E-01 -9.904392E-02  1.326661E-02 -1.384954E-02  1.223608E-02
 4.999611E+00  5.000340E+00  5.999523E+00 -1.700964E+00  8.423402E-01  1.038120E+00 -2.155324E-03 -9.744793E-03 -1.076034E-02
 4.999835E+00  4.000583E+00  6.999960E+00 -9.610097E-01  1.833933E+00  1.722331E-01 -8.708610E-03 -8.611467E-03 -6.651689E-03
 3.999205E+00  5.000946E+00  7.000606E+00 -1.529857E+00 -9.030318E-01  1.167223E+00 -1.289306E-02  1.991306E-02  1.849689E-02
 5.999596E+00  4.000726E+00  6.000065E+00 -1.006727E+00  1.482239E+00  1.178943E+00 -1.466142E-03  7.428526E-03  1.640957E-03
 7.000021E+00  5.000455E+00  6.000795E+00 -1.118116E+00  1.253183E+00  1.522966E+00 -7.983993E-03  3.431160E-03  2.289975E-02
 6.999904E+00  4.000692E+00  7.000530E+00 -1.608000E+00  7.141889E-01  1.353317E+00  6.820643E-05  1.712076E-02  1.630660E-02
 6.000817E+00  5.000036E+00  7.000201E+00 -1.070996E+00 -6.702255E-01 -1.990088E-01  2.960292E-02 -3.835517E-03  9.017936E-03
 8.000164E+00  3.999549E+00  5.999418E+00  1.880341E+00  1.439153E+00 -8.314018E-01  9.379967E-03 -1.035048E-02 -8.188481E-03
 8.999969E+00  4.999794E+00  5.999661E+00 -1.598596E+00  2.321058E-01 -1.264674E+00  3.318681E-03  1.602287E-03 -1.581695E-02
 9.000242E+00  3.999073E+00  6.999576E+00  5.836562E-01 -1.715140E-01  5.056998E-01  4.942600E-03 -2.041235E-02 -2.899225E-03
 8.000034E+00  4.999727E+00  6.999469E+00 -7.653614E-01  2.918886E-01 -1.873306E+00 -6.312840E-03 -6.747336E-03  2.634329E-04
-4.357666E-04  5.999895E+00  5.999826E+00  1.855650E+00  3.113623E-01  1.154516E+00 -1.036288E-02 -1.544747E-02 -5.511402E-03
 1.000683E+00  7.000742E+00  6.000583E+00  1.273482E+00  6.254685E-01 -3.973092E-01  8.948087E-03  1.225122E-02  6.794698E-03
 9.997809E-01  5.999516E+00  6.999683E+00  1.326836E+00  1.749512E+00 -9.187681E-01  6.861865E-03 -9.376223E-03 -8.888507E-03
-2.475980E-04  7.000242E+00  7.000603E+00 -6.732774E-01 -1.729530E+00 -4.793756E-01 -2.735693E-03 -3.180936E-03  1.689098E-02
 1.999769E+00  5.999853E+00  6.000917E+00  1.388088E+00  1.091789E+00 -7.699447E-01  1.973500E-03 -1.191962E-02  2.075969E-02
 3.000015E+00  7.000445E+00  6.000742E+00 -1.134604E-01 -1.940961E+00  6.759984E-01 -1.796823E-03  3.943959E-03  7.388705E-03
 3.000573E+00  5.999009E+00  6.999658E+00 -3.710742E-01 -1.193436E+00 -1.428629E+00  3.381101E-03 -1.884819E-02 -8.508267E-03
 2.000970E+00  6.999916E+00  7.000682E+00 -7.047694E-01  1.007368E+00  1.380773E+00  9.819730E-03  2.254844E-05  5.717522E-03
 3.999048E+00  6.000654E+00  6.000291E+00 -1.033305E+00 -3.761972E-01  1.433770E+00 -1.414822E-02  2.750854E-03  1.207539E-02
 5.000645E+00  7.000615E+00  6.000114E+00  8.081520E-01  8.239933E-01  8.174342E-01  1.491903E-02  2.115293E-02  2.798623E-03
 4.999140E+00  6.000554E+00  7.000986E+00  2.282504E-01 -1.172928E+00  7.213036E-02 -1.231325E-02  1.097671E-02  2.227965E-02
 4.000100E+00  7.000912E+00  6.999943E+00  1.457008E+00  1.651200E+00 -5.111744E-02  8.178055E-04  5.427096E-03 -7.493253E-03
 6.000777E+00  6.000548E+00  5.999474E+00 -3.715122E-01 -1.578522E+00  7.596657E-01  2.251140E-02  1.405073E-02 -2.786216E-03
 6.999461E+00  6.999481E+00  5.999735E+00  4.448913E-01  1.808793E+00  8.062263E-01 -1.184522E-02 -1.939566E-02 -1.205022E-02
 6.999275E+00  6.000196E+00  6.999677E+00 -1.894172E+00  1.465281E+00  1.036669E+00 -1.613879E-02 -1.118564E-02 -1.175341E-02
 5.999141E+00  6.999756E+00  6.999468E+00  7.206417E-02 -1.464896E+00  1.424321E+00 -1.586388E-02 -3.751894E-03 -1.420655E-02
 8.000690E+00  6.000853E+00  6.000727E+00  5.139403E-01  7.698686E-01 -1.670005E+00  1.697631E-02  1.017379E-02  1.040143E-03
 8.999172E+00  6.999424E+00  5.999091E+00 -8.441915E-01 -2.024381E-01  8.516760E-01 -1.754994E-02 -2.046247E-02 -6.413582E-03
 9.000310E+00  6.000986E+00  6.999319E+00 -1.342719E+00 -8.763860E-01  1.113755E+00  5.579404E-03  8.515708E-03 -1.408163E-02
 7.999885E+00  7.000241E+00  7.000827E+00 -5.313778E-01  1.153786E-01  1.099898E+00  1.098064E-02 -1.172817E-04  2.020676E-03
 5.818687E-04  8.000830E+00  5.999139E+00 -1.289484E+00 -5.993621E-01 -3.567132E-02  1.681642E-02  1.902487E-02 -1.545465E-02
 1.000086E+00  8.999587E+00  5.999312E+00  7.282142E-01 -3.065276E-01 -4.013813E-02 -9.815131E-03 -5.869910E-03 -1.033303E-02
 9.998892E-01  8.000259E+00  6.999703E+00  1.328592E+00 -1.947208E+00  2.087473E-01 -5.697343E-03 -1.857445E-03  1.638037E-03
-2.102772E-04  8.999948E+00  7.000059E+00 -5.306144E-01 -9.635533E-02 -1.114040E+00 -5.999734E-03  1.466505E-02 -1.319921E-03
 1.999787E+00  7.999224E+00  5.999919E+00  5.994452E-01  1.312306E+00 -1.533841E+00 -6.457387E-03 -1.162573E-02 -1.013911E-02
 3.000622E+00  9.000975E+00  5.999257E+00  6.864295E-01  7.173026E-01  3.787761E-01  3.670104E-03  1.950848E-02 -9.109300E-03
 3.000412E+00  7.999894E+00  7.000055E+00  8.904906E-01 -1.794692E+00  6.371500E-01  6.873991E-03 -1.242043E-02  1.994435E-03
 2.000725E+00  9.000528E+00  6.999666E+00  1.740178E+00  1.824455E+00  1.743009E+00  7.022749E-03  1.695878E-02  4.684063E-03
 4.000565E+00  8.000678E+00  5.999707E+00 -1.575754E+00 -2.867204E-02  1.681858E+00  1.079180E-02  1.399322E-03 -7.249133E-03
 5.000719E+00  8.999880E+00  6.000701E+00  1.121370E+00 -1.922503E+00 -9.943654E-01  8.798506E-03 -4.771135E-03  7.877659E-03
 4.999936E+00  7.999945E+00  7.000901E+00  8.047324E-01  1.816497E+00 -1.103687E+00 -2.442667E-03 -4.092169E-03  7.631984E-03
 3.999510E+00  9.000448E+00  7.000491E+00 -1.610074E-02  1.140225E+00  5.777107E-02 -5.254811E-04 -8.868509E-05  6.274253E-03
 5.999002E+00  7.999719E+00  5.999373E+00 -1.284808E+00  1.152500E+00  8.270915E-01 -1.739033E-02 -6.163884E-03 -8.198194E-03
 6.999846E+00  9.000577E+00  6.000547E+00 -4.513666E-01  1.492880E+00  1.610215E+00 -6.395083E-03  1.042837E-02  1.316194E-02
 6.999023E+00  8.000994E+00  6.999064E+00 -5.480377E-01 -1.901975E-03 -1.640521E+00  4.066583E-04  1.904930E-02 -4.394009E-03
 6.000039E+00  9.000539E+00  7.000404E+00 -1.884188E+00  1.328516E+00 -8.482631E-01  7.204479E-03  1.720575E-02 -5.740841E-03
 8.000736E+00  8.000206E+00  6.000187E+00  4.414167E-01 -1.173660E+00 -1.019666E+00  1.562894E-02  4.172950E-03 -1.380801E-03
 8.999971E+00  9.000267E+00  6.000899E+00  3.725136E-01 -3.663196E-01 -3.283306E-01  5.802243E-03  5.713000E-04  1.260202E-02
 8.999267E+00  7.999362E+00  7.000000E+00 -6.316703E-01  6.208712E-01 -7.199531E-01 -1.312543E-02 -5.178241E-03 -5.832315E-03
 7.999123E+00  8.999695E+00  7.000627E+00 -3.318788E-01 -9.516337E-01  9.440713E-02 -1.503797E-02 -4.506479E-03 -6.852994E-03
-3.289172E-04 -4.682919E-04  7.999090E+00 -1.044383E+00  8.235667E-01  1.265879E+00 -1.450287E-02 -3.289805E-03 -2.099982E-02
 9.999253E-01  9.991862E-01  8.000403E+00  6.482566E-01 -7.969574E-01 -1.018684E+00 -1.629662E-03 -8.726556E-03 -6.904196E-04
 1.000871E+00  6.057370E-04  9.000494E+00  9.526769E-01  1.473575E+00  1.271103E+00  1.260285E-02  1.183515E-02  9.433830E-03
-2.865959E-04  9.998471E-01  8.999647E+00 -8.770434E-01  2.157476E-01 -1.863539E+00 -1.986615E-03 -3.541797E-04  7.867825E-04
 2.000861E+00 -6.778099E-04  7.999648E+00 -1.631978E+00 -7.317269E-01  6.087828E-01  1.397899E-02 -8.271532E-03 -3.787064E-03
 3.000389E+00  9.997653E-01  7.999243E+00 -3.743335E-01  2.739786E-01  1.525739E+00  1.698401E-03  3.288838E-03 -1.100370E-02
 2.999293E+00 -6.892919E-04  8.999332E+00 -4.065619E-01  1.275566E+00 -6.261151E-01 -5.509943E-03 -1.673713E-02 -7.307345E-03
 2.000189E+00  1.000184E+00  8.999942E+00 -1.415689E+00 -8.337708E-01  3.604740E-01  1.647244E-03 -5.604842E-03  7.474045E-03
 3.999826E+00  2.004413E-05  8.000696E+00  8.218332E-01 -1.927129E+00  5.807170E-02 -6.253185E-03 -3.698378E-03  4.704612E-03
 4.999765E+00  1.000997E+00  7.999952E+00  1.834324E+00  5.218612E-02 -1.104125E+00  1.125764E-02  2.058194E-02 -1.578511E-03
 4.999383E+00  4.985514E-04  9.000570E+00  1.125527E+00  2.452393E-01  6.078671E-01 -5.789668E-03  1.446832E-02  1.511548E-02
 3.999808E+00  1.000640E+00  9.000948E+00  1.642151E+00  1.713824E+00  3.928523E-01  1.557612E-02  7.458983E-03  1.364350E-02
 6.000281E+00 -6.187170E-06  7.999718E+00 -8.371506E-01  3.432454E-02 -6.822898E-01  2.473234E-02  7.989959E-04 -7.583900E-03
 6.999117E+00  1.000362E+00  7.999136E+00 -1.247002E-01 -1.138732E+00  7.591302E-01 -2.073098E-02 -2.483106E-03 -2.319072E-02
 7.000061E+00 -9.057427E-04  8.999262E+00 -2.746559E-01  3.247780E-01  8.120480E-01 -8.285575E-03 -3.211545E-02 -1.106309E-02
 5.999281E+00  9.990994E-01  8.999189E+00 -1.921745E+00  1.799397E+00  4.329689E-01 -2.269371E-02 -2.367809E-03 -1.595672E-02
 8.000141E+00  4.613312E-04  8.000007E+00 -1.335106E-02  8.221281E-01 -8.235454E-02  1.659390E-04  5.723744E-03 -5.442361E-04
 8.999715E+00  9.991250E-01  8.000768E+00  4.768346E-01 -1.523714E-01  1.204754E+00 -4.055406E-03 -1.885932E-02  1.119100E-02
 8.999293E+00  7.606892E-04  9.000721E+00 -9.111657E-01  6.711585E-01 -1.499015E+00 -8.446323E-03  1.773821E-02  2.091573E-03
 8.000980E+00  1.000550E+00  9.000866E+00 -7.470158E-01  1.524479E+00 -1.491994E+00  3.838883E-02  8.116899E-03  2.069824E-02
-7.817035E-04  2.000363E+00  7.999136E+00 -1.429266E-01 -6.577099E-01 -1.224554E+00 -1.355018E-03  6.406584E-03 -9.305796E-03
 9.999809E-01  3.000962E+00  8.000324E+00  4.211467E-01 -1.698017E+00  1.161759E+00 -3.238396E-03  1.580022E-02  3.229204E-03
 9.992975E-01  2.000622E+00  9.000425E+00 -9.744669E-02  1.293188E+00 -2.431057E-01 -1.192533E-02  7.154230E-03  1.727079E-02
-3.340776E-04  2.999105E+00  8.999327E+00  1.706248E+00  5.210401E-01 -1.374121E+00  4.726485E-03 -8.093076E-03 -8.709837E-03
 2.000706E+00  1.999575E+00  7.999032E+00  1.792694E+00 -8.146049E-02  4.719906E-01  2.061913E-02  1.832642E-03 -1.635502E-02
 3.000067E+00  2.999384E+00  8.000125E+00 -4.715212E-01  4.692784E-01 -1.699159E+00  1.622574E-03 -1.903895E-02 -7.172825E-03
 2.999664E+00  1.999917E+00  9.000122E+00 -1.790823E-01 -1.147267E+00  1.665348E+00 -1.838300E-03  6.527949E-03  2.970686E-03
 2.000542E+00  2.999640E+00  9.000540E+00  5.601168E-01 -1.052295E+00  1.106130E+00  1.954410E-04 -6.896303E-03  9.119289E-03
 3.999913E+00  2.000293E+00  7.999288E+00 -1.681468E+00  1.163966E+00  5.272696E-01 -1.790154E-03  1.082711E-02 -1.854432E-02
 4.999161E+00  2.999725E+00  7.999439E+00  2.975508E-01  1.296088E+00  1.825661E+00 -2.264665E-02 -8.445503E-03 -2.289866E-02
 4.999886E+00  1.999650E+00  9.000475E+00 -2.176646E-01  5.535629E-01 -1.289966E-01  4.448592E-03 -1.706247E-02  8.601070E-03
 3.999482E+00  3.000287E+00  9.000113E+00 -6.379846E-01  1.174687E+00 -9.497539E-01 -9.128578E-03  3.736145E-03  9.239427E-03
 5.999796E+00  1.999049E+00  7.999752E+00 -8.330545E-01 -1.735805E+00  1.101814E-01 -1.036144E-02 -2.365586E-02 -1.136682E-02
 7.000969E+00  3.000322E+00  7.999486E+00  1.242068E+00  1.621599E+00 -9.983866E-01  1.941260E-02  9.685767E-03 -6.885200E-03
 6.999831E+00  2.000501E+00  9.000831E+00 -1.472104E+00 -1.758283E+00 -1.368218E+00 -5.305435E-03  1.862005E-02  1.382820E-02
 6.000621E+00  2.999044E+00  9.000921E+00 -2.502877E-01 -2.769582E-01  1.539921E+00  9.166268E-03 -1.196986E-02  3.279130E-02
 8.000037E+00  2.000706E+00  7.999944E+00  1.651892E+00  7.403647E-01 -1.222297E-01 -2.579467E-03  1.090831E-02 -3.757586E-03
 9.000293E+00  3.000973E+00  7.999451E+00 -1.293236E+00 -5.033656E-01  1.498082E+00  5.913782E-03  1.957590E-02 -1.160462E-02
 8.999109E+00  1.999871E+00  9.000723E+00  8.528299E-01  7.645608E-01  2.060069E-02 -1.406858E-02 -1.017288E-02  2.120283E-02
 8.000326E+00  3.000426E+00  9.000388E+00  7.491491E-02  1.464359E+00  1.297155E+00 -5.440710E-03  3.042149E-03  3.230002E-03
-5.267717E-04  4.000603E+00  8.000965E+00 -6.037770E-01  1.152420E+00  6.112076E-01 -1.548331E-02  3.825095E-03  2.170590E-02
 9.991382E-01  4.999652E+00  7.999839E+00 -2.383623E-02  1.793720E-01 -1.815209E+00 -1.910627E-02  7.280112E-04  7.079017E-03
 1.000105E+00  3.999077E+00  8.999832E+00  9.760633E-01 -1.985183E+00  1.317708E+00 -3.903646E-03 -1.213911E-02 -3.233668E-03
 1.070568E-04  4.999689E+00  8.999080E+00 -9.163784E-01  5.435260E-01 -1.136215E+00 -2.056848E-04 -7.966274E-03 -1.720348E-02
 2.000185E+00  4.000139E+00  7.999168E+00 -1.190117E+00  1.499632E+00  1.275085E+00 -1.730551E-03 -9.261858E-03 -1.790979E-02
 3.000934E+00  4.999477E+00  8.000988E+00 -1.285241E+00  1.690853E+00 -7.819890E-01  1.856306E-02  3.995659E-03  7.513652E-03
 3.000569E+00  4.000771E+00  9.000462E+00  1.081213E-01  9.136194E-01  6.876225E-01  1.758921E-02  1.754782E-02  1.015295E-02
 2.000320E+00  5.000716E+00  9.000250E+00 -1.168606E+00 -1.612965E+00  2.818552E-01  1.383914E-02  1.373217E-02  1.789758E-02
 4.000625E+00  4.000121E+00  7.999401E+00 -8.275388E-01  1.003119E+00  4.069494E-01  3.988074E-03  2.123132E-03 -4.951182E-03
 4.999948E+00  5.000979E+00  8.000738E+00 -1.575293E+00 -1.274437E-01  6.994459E-01 -6.153929E-03  2.138788E-02  1.267171E-02
 5.000924E+00  3.999868E+00  9.000315E+00  1.186788E+00  1.146830E+00 -9.583276E-01 -3.670760E-03  5.921519E-03  1.727460E-02
 4.000252E+00  4.999322E+00  9.000562E+00  8.813558E-01 -1.835855E+00  1.573233E-02 -3.865752E-03 -1.136068E-02 -3.988371E-03
 6.000921E+00  3.999700E+00  7.999603E+00  4.073446E-01 -1.748746E+00  4.723149E-02  1.941543E-02  8.723452E-03 -1.276286E-02
 6.999821E+00  5.000035E+00  7.999756E+00 -1.314812E+00  8.172251E-01  4.933329E-01 -6.558980E-03 -2.760385E-03 -5.673783E-03
 7.000780E+00  4.000490E+00  9.000004E+00  6.573355E-01 -5.739371E-01 -6.432533E-01  1.884453E-02  1.260051E-04  2.315177E-03
 5.999671E+00  5.000404E+00  9.000156E+00  1.238808E-01  5.398012E-02 -1.268141E+00 -1.451943E-02  1.436219E-02 -3.981635E-03
 8.000112E+00  3.999982E+00  7.999543E+00 -5.464529E-01 -3.811003E-01  8.953236E-01  2.385728E-03  1.222981E-05 -7.736201E-04
 8.999278E+00  4.999407E+00  7.999554E+00  7.748923E-01  1.797072E+00 -1.181608E+00 -2.882509E-03 -1.266916E-02  8.191536E-03
 9.000413E+00  4.000583E+00  8.999093E+00 -1.016934E+00 -2.887382E-01 -4.286409E-01  1.609310E-03  1.067509E-02 -1.575764E-02
 7.999511E+00  4.999325E+00  8.999682E+00  9.856396E-01  1.646087E+00 -1.792232E+00 -7.744850E-03 -1.553832E-02 -6.602862E-03
-6.121698E-04  6.000001E+00  8.000351E+00  5.395823E-01  1.793224E+00 -2.168854E-01 -8.555940E-03  2.544124E-03  6.952482E-03
 1.000110E+00  7.000361E+00  7.999934E+00  1.094176E+00  4.751524E-01  9.730418E-01  2.687358E-03  1.507855E-02  7.069837E-03
 1.000749E+00  6.000512E+00  8.999302E+00  9.783232E-01  1.595408E-01 -1.288607E-01 -2.325506E-04  5.158436E-03  4.098666E-03
 9.756090E-05  6.999297E+00  9.000125E+00 -9.750657E-01 -9.938553E-01 -1.640837E+00  2.493845E-03 -4.634611E-03  4.127009E-03
 2.000298E+00  6.000243E+00  7.999137E+00  5.086057E-01  1.740258E+00 -2.243762E-01  5.490161E-03  8.145649E-03 -7.397736E-03
 2.999793E+00  7.000298E+00  8.000394E+00  6.316478E-01  4.877181E-01 -1.152657E+00 -1.315314E-02  4.147537E-03  1.926051E-03
 2.999333E+00  5.999774E+00  8.999607E+00  9.030157E-01 -5.270299E-01 -1.632042E+00 -1.494616E-02 -1.263988E-02 -1.227544E-02
 2.000343E+00  7.000752E+00  9.000677E+00  3.912398E-01 -1.143994E+00 -1.481143E+00  3.168910E-04  1.685609E-02 -8.379938E-05
 3.999379E+00  5.999198E+00  7.999494E+00  1.731170E+00 -6.581455E-01  3.682460E-01 -2.034902E-04 -2.455329E-02 -1.805860E-02
 5.000521E+00  6.999883E+00  8.000528E+00 -1.823978E+00 -1.780654E+00  8.571917E-01  9.209548E-03  1.068758E-02 -1.040218E-03
 4.999590E+00  5.999172E+00  9.000044E+00 -3.560946E-01  6.239206E-01  7.952988E-01  4.803704E-03 -1.706500E-02  3.644077E-03
 4.000668E+00  7.000679E+00  8.999547E+00 -5.244655E-01  4.711006E-01 -5.118086E-02  1.318020E-03  1.516072E-02 -1.662552E-03
 6.000563E+00  5.999080E+00  7.999620E+00 -1.314285E+00  2.600345E-01 -7.737960E-01  6.902083E-04 -1.955282E-02 -6.075031E-03
 7.000402E+00  7.000833E+00  8.000695E+00 -1.629095E+00 -1.872097E+00 -8.821831E-01  1.096418E-02  1.306423E-02  2.157911E-02
 7.000450E+00  5.999639E+00  8.999928E+00 -1.276325E+00 -8.448231E-01  6.283998E-01  8.828469E-04 -8.911180E-04 -4.467056E-03
 6.000456E+00  7.000265E+00  8.999582E+00  1.723504E+00  1.115158E+00  1.160632E+00  2.934111E-03  1.001919E-02 -3.586259E-03
 8.000235E+00  5.999353E+00  8.000155E+00 -7.874376E-01 -1.294961E+00  8.122664E-01  6.723712E-03 -6.164677E-03  1.348883E-02
 9.000376E+00  6.999930E+00  8.000825E+00  1.853314E+00 -1.777962E+00 -8.642457E-01  7.636602E-03 -1.487987E-02  2.786511E-03
 8.999233E+00  6.000165E+00  8.999074E+00 -1.287399E+00 -1.971134E+00  4.363220E-01  1.444163E-04  1.250931E-02 -1.705883E-02
 7.999182E+00  7.000372E+00  8.999642E+00  5.017088E-01 -4.161919E-01 -5.822847E-01 -1.725301E-02  3.579118E-03 -8.235303E-03
 8.551935E-04  8.000184E+00  7.999895E+00  9.110497E-01  1.597350E-02  3.232399E-01  1.960768E-02  7.618042E-03  3.482653E-03
 1.000524E+00  8.999016E+00  8.000484E+00 -9.337085E-02 -1.841652E+00 -3.097108E-01 -2.152954E-03 -1.957402E-02  4.531051E-03
 9.997864E-01  7.999142E+00  9.000085E+00 -1.677823E-01  2.707422E-01 -1.037128E+00  3.042501E-03 -3.951986E-03 -1.357823E-02
 1.136411E-04  8.999065E+00  8.999107E+00  3.702451E-01  1.005077E+00  1.645998E+00 -1.174976E-02 -2.122196E-02 -1.239143E-02
 1.999183E+00  7.999091E+00  8.000352E+00 -1.684466E+00  7.661053E-01  8.105881E-03 -1.448284E-02 -1.555460E-02  7.690336E-03
 2.999564E+00  8.999489E+00  8.000566E+00  1.457650E-01  1.409439E+00 -2.271852E-01 -5.844399E-04  5.775797E-03  5.951281E-03
 3.000629E+00  7.999991E+00  9.000326E+00  1.817444E+00  1.591069E+00  1.611186E+00  4.739867E-03 -2.414594E-03  1.139270E-02
 1.999513E+00  8.999820E+00  9.000550E+00 -9.499384E-01 -3.210373E-01 -7.406218E-01 -6.878913E-04 -1.374225E-03  6.099460E-03
 4.000295E+00  8.000783E+00  8.000268E+00 -1.187983E+00  4.819858E-01  3.662034E-01  9.925778E-03  1.123474E-02  1.745063E-04
 4.999241E+00  8.999034E+00  8.000053E+00  1.908088E+00  8.251224E-01 -5.264258E-01 -1.030035E-02 -2.781782E-02 -3.026678E-03
 5.000776E+00  8.000974E+00  8.999095E+00  1.717241E+00  4.782893E-01  1.106050E+00  1.222734E-02  1.776481E-03 -2.355511E-02
 3.999562E+00  9.000365E+00  9.000982E+00  1.328797E+00 -1.244315E+00 -2.248510E-01 -1.129951E-02  2.059068E-03  6.462977E-03
 5.999848E+00  7.999290E+00  8.000618E+00 -1.660182E+00  1.551937E+00  1.915879E-01 -1.384461E-02 -8.094162E-03  1.608966E-02
 6.999427E+00  9.000581E+00  8.000709E+00  8.587886E-01 -1.846006E+00  1.192873E+00 -5.067044E-03  1.557343E-02  1.296986E-02
 7.000209E+00  8.000320E+00  9.000602E+00 -7.971794E-01  1.140332E+00 -1.006165E+00  9.236461E-03 -3.502869E-03 -3.207383E-03
 6.000425E+00  9.000318E+00  8.999504E+00  1.518978E-01 -1.819295E+00  1.882055E+00  1.439100E-02 -2.145934E-04 -6.977625E-03
 7.999018E+00  8.000014E+00  8.000022E+00  1.319977E+00 -1.093780E+00  9.823348E-01 -1.917402E-02 -9.210154E-03  9.866322E-04
 9.000962E+00  9.000678E+00  8.000501E+00 -1.741552E+00  4.924732E-01 -1.477094E+00  2.341089E-02  1.368796E-02  5.022170E-03
 9.000261E+00  8.000548E+00  9.000775E+00 -1.230182E+00  2.647731E-01 -1.110934E+00  1.709468E-02  8.885240E-03  1.235837E-02
 7.999050E+00  8.999765E+00  8.999716E+00  1.516886E+00  6.284160E-01 -2.312916E-02 -2.246676E-02  9.018362E-04 -7.447735E-03
