 5.356760580275E+00  6.289417077849E+00 -3.031852582736E+00 -7.485036764626E-01 -1.051609436545E+00 -1.153204549194E+00 -4.010206003576E+01 -2.228445351681E+01  7.802662006289E+01
-1.357835889798E+01  1.101711176542E+01  2.640988805559E+00  1.426536861111E-01  2.053244662444E+00 -1.537265627673E+00  3.144361051409E+00 -1.005879395724E+01 -1.164324614113E+01
 1.223961177063E-01 -1.880612680352E+00 -4.152670822597E+00  4.141774870028E-01 -9.168371735949E-01 -2.714683371086E-01 -3.650305664165E-01  4.321716206350E-02 -2.066838715404E+00
 1.709642518685E+00  4.787277979400E-01 -5.069582522157E+00  1.422801996916E+00 -1.663774427165E+00 -4.421822582367E-01  7.638924295648E-02 -3.980249107311E+00 -2.757837900279E+00
 6.259035094388E+00 -3.307697370398E+00 -1.421570758456E+00  2.530391694586E-01  2.056354548861E-01 -4.676761830588E-01  8.504267948738E+00  1.388848272986E+01  1.617424322380E+00
 1.193227638113E+00 -6.499454931820E+00  7.008646681264E+00 -1.554433394819E+00  2.050066526712E-01 -1.270880382899E-01  1.135502528591E+00  5.747689946083E+00  1.813317426480E+01
 7.457369821289E+00  5.118153308968E+00 -1.855016458185E+00  1.483898564020E+00  1.670980614206E+00 -1.105842678553E-01  7.145878241232E+00 -3.997221882608E+00  5.134829569877E+00
-5.547737620249E+00  4.047687864312E+00 -7.713388570202E+00 -2.593890844317E-01  8.826992851538E-01  2.632375974953E+00 -4.146813601582E+00 -1.166487510217E+00 -6.166980061681E+00
 5.610441735233E+00  6.613050945503E+00 -9.097034208926E+00 -9.380939595593E-01  2.229238435646E-01 -9.732242513095E-01 -1.873412029840E+01  7.683510392245E+00  7.734696914805E+00
 6.016445002939E+00  3.969029641886E+00  9.185246880427E+00  1.073211263381E+00 -5.928870378818E-01 -1.090538521609E+00 -1.990597397444E+00  1.112391026959E+00 -2.768944463838E+00
-9.825377192352E-01  5.643902133063E+00 -2.468043945790E+00  1.711087167423E-01  8.631077718040E-02  5.614180034631E-01 -5.720626974622E-01 -1.293853717736E+00 -2.664805946054E+00
 2.524902071695E+00 -9.259787326192E-01  3.452945859473E+00 -6.262129695464E-01  5.773017288853E-01 -2.176464249173E-02  4.557872756291E+00 -1.556486913167E+01 -2.603452650724E+01
 1.627654365653E+01  1.659916682101E+00 -9.681357516632E+00  2.014002748630E+00  1.262362133917E+00 -1.396222398843E-01 -9.484024202251E+00 -1.937968500254E+00  4.873211719314E+00
 7.693555368858E+00  5.925160834178E+00 -9.748657667926E-01  4.844029122364E-01  8.614818000369E-01  2.370100029159E-01 -4.702243848553E-01  7.112470239289E-01 -2.893868796143E+00
 4.621949615344E+00 -3.438149241260E+00  6.034969043179E+00 -1.075224357476E-01 -8.456767594790E-01  2.421115749904E+00  2.064423374151E+01 -1.022292136129E+01  2.198915269672E+01
 1.190197453393E+01  1.289407350872E+00 -4.384164423859E+00  6.340561678254E-01 -1.275774704650E+00  1.932721048433E+00 -2.565881529820E+00  1.062930746984E+00 -9.054047678576E+00
 5.306600838584E+00  2.301507877956E+00  3.825752108318E+00  1.921129125668E-01 -6.086349153999E-01 -4.581526292971E-02 -1.942398539671E+00 -6.566888793872E-01 -1.498962284553E+00
 6.436748595247E+00 -2.276030908738E+00 -8.788687834688E+00 -1.336377718824E-01 -7.171132788772E-01  1.208462218284E+00 -1.766718136781E+00  1.564917149877E+00 -1.616373454066E+00
-3.649914496531E+00  2.553747758101E+00  1.051645527600E+00 -4.082990421363E-02  5.354148493621E-02  1.585022068452E+00 -6.166127531309E+00 -7.335411156368E+00  2.264670479701E+01
 3.781793976855E+00 -8.630787987297E-01 -3.055606368828E+00 -2.065304003358E+00  1.180111796576E+00  2.308753257282E+00  1.375498153634E+01 -2.712905085637E+01  1.550059405870E+01
 6.031023763671E+00  1.379795207129E+00 -1.070801983594E+00 -3.029876265438E-01 -3.540245052479E-01 -2.717834283359E-01  1.194108162875E+01 -3.500212698571E+01  1.689241938158E+01
 8.760835057468E-01  3.589736691813E+00 -6.488225800791E+00  7.814766322239E-01 -2.859004122232E-01  7.547057933565E-01  4.408861838514E+00 -1.496778718318E+01  5.205708745480E+00
-6.439729835233E+00  2.502309055142E-01  2.193269721198E+00  1.894220246994E+00 -3.567479783294E-01 -2.200839451316E+00  3.564292015379E+00 -2.322345703388E+01 -5.762174060757E+00
 3.190081891539E+00  4.747799286764E+00 -1.270725985220E+00  4.483833521122E-01  3.526370181487E-01 -4.228727089418E-01  2.818655184028E+00  1.421307368222E-01  8.721731011971E-01
-3.689942376732E+00  1.008773151814E+01  3.451673107085E+00 -1.244051603291E-01  1.038038131251E+00 -7.710063053907E-01  4.953769099845E+00 -5.106684838581E-01 -9.331944158563E+00
 5.791287522306E+00  1.466458833669E+01 -6.172188325398E+00  1.408243668233E+00  2.596749925542E-01  1.361049415511E-01  1.105471347710E+01  4.223174531199E+00 -4.704542483713E+01
-5.425921561015E+00  2.665522304545E-01 -7.412615516983E+00  2.304843930751E-01  1.935326111589E+00 -5.635061297338E-01 -1.165598853683E+02 -2.282096533634E+01 -5.004223396875E+01
 1.425297334346E+00  4.166336417308E-01  3.893571410597E-01  1.084337367447E+00 -2.018509587237E-01 -1.475570350694E+00  7.278275801983E-01  2.714562522267E+01  3.400700734353E+00
 1.277855045759E+00  3.034072028174E+00  4.608525865195E+00  6.457817377706E-01  2.602111703512E-01  3.137259058832E-01  1.183068088520E+01  1.456416552397E+00 -1.276496552387E+01
 7.987087238506E+00  2.178506091689E+00 -2.680975682660E+00  9.929252959883E-01 -2.235829973363E+00 -8.142849157845E-01  8.017897374119E-01 -2.171464544146E+00  6.507638371599E+00
-7.539932163219E+00 -2.610266826761E+00  2.566301495115E+00  1.216222540723E+00  8.618137423015E-01 -1.119370991634E+00  8.066274707236E-01 -2.559746245888E+00  2.427381587664E+00
 1.003675464766E+01  5.356605627722E+00  4.654523513109E+00 -1.702706764818E+00 -1.139017530906E-01  7.941847945209E-01 -4.474566445374E+00 -4.739335271046E+00 -7.861933864352E+00
 6.083240039666E+00  1.320001841112E+00  1.356222770704E+01  1.802613846366E+00 -1.241377639886E+00  1.203348525262E+00 -3.435616656720E+00  6.493348401256E+00  5.927011220425E+00
 4.001970184606E+00  2.675012000919E+00  2.685080375887E+00  3.481416237245E-01  1.663016109428E+00 -2.193994114353E-01  8.611757889551E-01 -7.319766562677E-01 -8.541936177445E-01
 1.186732202210E+01  7.980848006607E+00  3.689311209761E+00  2.291696865004E-01  1.422665035576E+00 -6.674270164416E-01  4.671041049156E-01  4.657831261701E-01  8.382670298349E-01
 8.230643673711E+00 -6.111651523870E-01 -7.511990840992E+00  1.876951890990E+00 -4.387955719709E-01 -6.058222869096E-01  1.013745180785E+00  3.837400194602E+00 -1.289123152086E+00
 1.449725529411E+01  6.162421215066E+00 -3.742889752088E-01 -1.685764839354E-02  2.920120709430E-01 -2.226646894224E-01  8.434585246911E+00  9.857120938534E-01  3.523425107219E+00
 1.541911136371E+01  4.218124441982E+00  5.846735117831E+00 -7.825436267127E-01 -2.329414201089E-01 -6.438857525253E-01  3.605622301920E+00  4.296640407509E+00 -5.018019806621E-02
 2.115183871564E+01  1.878514351293E+00 -5.992532713694E+00 -1.706722764758E+00 -4.370925797346E-01 -1.114630470100E+00  7.457790977989E+00  1.099910004887E+00  9.460865681201E-01
 8.473526154702E+00  6.342625100601E+00 -4.553642789266E+00  1.336543929335E+00  1.477473490605E+00  1.484393706476E+00 -2.237964753003E+01  1.345876539538E+01  6.912923528564E+00
 3.261008968067E+00  7.587889691146E+00 -2.160799232544E+00 -1.778242339412E+00 -6.748240923314E-01 -2.829617466509E-02  2.823867747717E+01 -6.490898389172E+00 -4.107299181181E+01
-3.916326002117E+00  9.377406280561E+00 -2.993909954825E+00 -1.047983110941E+00  1.426347622680E+00 -5.548451102397E-01 -1.211841980083E+01  7.511039300663E+00 -1.062015609404E+01
 5.510064763729E+00  2.062386051983E+00  1.430955226967E+00  1.894392395920E-01  1.289105173065E+00 -6.985313452493E-01  4.530704721354E+00 -2.293896999523E+01 -3.018337154305E+01
-1.285632869842E+00  4.068213056584E+00  7.653509750426E+00  9.155969171604E-01  1.338452866061E-01  2.187572014542E-01 -4.332725102806E+00 -1.456970064969E+00 -2.162557356968E+00
-2.754822591420E+00  6.888371422839E+00  8.108754742090E+00 -9.859755544968E-01 -1.165911172239E-01 -7.178327539891E-01  1.490267238029E+00 -3.276671488884E+00 -3.618015894597E+00
 1.267293544595E+01  9.033065405182E+00 -3.584243355452E+00  2.656562105198E+00  4.271376130515E-01  5.591102707041E-01  2.103803605466E+00 -8.236541439929E-01  8.747518654195E+00
-4.294214205753E+00  8.303442672395E+00  6.593554742323E+00 -8.141894054279E-01  1.079654528135E+00 -4.580991378199E-01 -1.643390867933E+00  2.630529384735E+00 -1.395445946389E+00
-4.526742437944E-01  9.833917725044E+00 -1.640154559218E+00 -1.400909355671E+00 -2.037113005443E+00 -7.506876418520E-01 -6.060702701964E-01 -2.766240385600E-01 -5.241338430171E+00
 9.553986783630E+00  7.381323162329E+00  1.296534164910E+01  1.280074168596E+00 -1.628298992523E+00 -1.515188251957E+00  5.027002585274E+00  6.066223567800E+00 -4.745527200685E+00
-1.705462529007E-01  4.031805340814E+00  4.731631356099E+00 -4.232918078799E-01 -1.234279610528E+00 -4.496105003930E-01  2.420141218149E+01 -2.883966854954E+00  7.277604678760E-02
 1.019094030870E+01  5.505844600139E+00  2.071202654437E+00 -1.883588820879E+00  3.480054218555E-01 -5.027717741128E-01 -2.727801042415E+01 -4.676232912352E+01 -1.464038302663E+00
-1.312395250537E+00  3.724400213424E+00  9.272888124238E-01 -3.755299449617E-01 -1.658766564742E+00 -1.112023124318E+00 -6.858039415109E-01 -2.151806873770E+00  1.617978301151E+00
-9.184838990061E-01  7.925881302103E+00 -6.696667472284E-01  2.247029140229E+00  4.802773931030E-01 -2.973726028172E-01 -1.579485721033E+01 -1.876649663717E+01 -7.563268463870E+00
 9.242207875985E+00 -9.253565439636E-01  2.121267444851E+00 -1.486294637462E+00 -2.440108450832E-01 -2.195581471202E-01 -2.292850635815E+01  3.688400864989E+01 -2.270159348179E+01
 1.222150741939E+01  1.108545502575E+01 -1.631794012884E+00 -1.751824234963E+00  1.496670010093E+00 -1.534093751316E-01  1.005159018667E+00 -2.464401344004E-01  3.257027511156E+00
 2.128086842990E+00  2.242811066108E+00 -6.474422472605E+00  1.330214373743E+00  7.910031005888E-01  1.001496740297E+00  2.630934629440E+00  4.085379844529E-01  2.429210484493E+00
 1.169422974476E+01  1.282152576723E+01  2.656141434031E+00 -9.223876273226E-01  1.567545734552E+00  1.008829974088E+00  3.954100269437E-01 -2.920224716619E+00 -1.916667874988E+00
 1.059494824657E+01  1.264739507418E+01 -7.165074209037E+00  9.110242946718E-01  2.235536607616E-02  6.001180882664E-01  1.481219951739E-01 -1.436532888652E+00  2.389090368456E+00
 1.533538592999E+01  1.190333982599E+00  7.002401607786E+00  2.103827214686E+00 -6.792478711672E-01  1.379760524534E+00  4.445963928850E+00  4.933694068849E+00  1.457699643046E+01
 1.017604372328E+01  2.279247712750E+00  4.168798375497E+00 -3.193051716149E-01  2.220495113338E+00  9.888017070883E-01  2.702211278033E+00 -1.576978732074E+01  5.958455485339E+00
 5.253744364109E+00  6.713692816356E+00  5.087517582428E+00  2.075283325092E+00 -9.031869546747E-01  4.256705366735E-02 -5.623760992996E-01 -2.014607833401E+00  3.154330977541E+00
 7.321879992490E+00  1.199691024782E+00 -2.711306562351E+00  6.027864003948E-01 -4.575639117144E-01  1.869147214775E+00  2.432325202063E+01  6.414716739834E+00  6.486185514620E+00
-4.791590331177E+00 -8.651514959129E-01  4.536267731889E+00  9.041860052255E-01 -7.567462361587E-01  1.334561743700E+00 -2.793815465804E-01 -1.664912535309E+00 -4.970681241308E-01
 2.343801129040E+00  3.002613798219E+00  4.544751756428E+00 -5.194886036343E-01 -6.415361534346E-02  4.624192453045E-01  7.181426784340E+00  5.221770375902E+00 -3.634315410918E+01
 9.027343292192E+00  2.784851913325E+00 -2.816513246306E+00 -3.005300238175E-01  1.933628604591E-01 -4.096721452218E-01  2.950122685634E+00 -1.414468423814E+01  1.825972055916E+01
-9.217009163188E-01  1.424407095357E+01 -4.109638748889E+00 -3.311044703970E-01  1.530319444237E+00 -6.812063930707E-01  4.239446044721E+00  1.778893686689E+01 -1.295038468840E+01
-3.594984003111E+00 -8.729419335939E-01 -5.343816940466E+00 -1.149803211457E+00  1.167128997161E+00  3.572612080747E-01  7.635802445116E-02  4.153729139540E+00  1.592721399786E+00
 8.414641878589E+00  1.689437771953E+01 -7.509915916270E+00 -1.667666434911E+00 -8.696369371436E-01  1.726814957509E-01 -1.048635013600E+01  3.122529198616E+01  1.470274620169E+01
 4.140387692561E-01  6.161927228686E+00  6.290932779734E+00  2.595498537460E+00 -2.094922240197E+00 -9.898615777306E-03  1.030622267979E+00 -5.003879341293E+00 -3.165569938823E+00
-2.879659363193E+00  3.771733597005E+00 -7.306921947773E+00  5.598768648796E-02  9.668236593829E-01 -1.068561664817E+00  1.163839105692E+00 -2.669382176877E+00  1.817216397877E+00
 7.953638034292E+00  2.842901924321E+00  4.633942167857E+00 -1.040051386321E+00 -1.733555928836E+00  1.684940057084E-01 -7.223916673878E+00 -2.962072676594E+00 -4.671906513802E+00
-1.261977110285E+00  3.368052254882E+00 -1.311050714388E+00 -4.037398607451E-01  1.088519444761E+00  1.031822576922E-01  4.563291033214E-01  3.617964351452E+00 -2.605138660488E+00
-9.604615864898E-01  1.192792652307E+00 -7.676291883175E+00 -2.119546287780E+00 -7.324052774577E-01  1.093985577764E+00 -1.027665789075E+01 -9.249304588531E+00 -6.110738750345E-01
 8.280162848468E+00  1.558100287209E+01 -7.142851904964E+00  1.269569719853E+00  4.235310136634E-02 -1.815137310711E-01  7.310288325630E-01  9.015619134528E+00  1.977173871060E+00
-5.270395653650E+00  8.374531495426E+00 -1.113182202975E+00 -1.477701972397E+00  3.047088740671E+00 -3.265349686621E-01  5.676069960151E-01 -1.099895130356E+00 -9.431464911786E+00
 3.468212243865E+00  6.060328166195E+00 -5.667666828874E-01 -6.884542381579E-01 -2.700417397143E-01  9.970289130350E-01 -5.946704188324E+00 -9.155627378461E-01 -3.182063925221E+00
 4.699190617813E+00 -1.379563064443E-01  5.404467170345E+00 -1.131317308241E+00 -5.367999446204E-02 -2.005010327902E+00  1.315001222636E+01  1.402613880801E+00 -1.056314634228E+01
 3.522799582162E+00  1.048623147497E+00  8.031384208843E+00  1.133945419428E+00  2.518705216371E+00  6.879880318911E-01 -1.540489877723E+01  4.516876669837E+00 -5.545593237068E+00
 8.556624003122E+00  1.051896882023E+01 -4.847174327543E+00  6.081243031872E-01 -3.826507074844E-01 -7.818641207536E-01 -3.680912910762E+00  9.323721151056E+00 -1.297599436401E+00
 7.739578316566E+00  5.841702218539E+00  4.203134577616E+00 -1.049574825972E+00  1.369446350161E+00  2.905226940508E-01 -2.278120771642E+00 -3.614349371431E+00 -2.026722161091E+00
-7.451847715753E-01  1.436797333202E+01  3.720960647842E+00 -7.065039015165E-01  2.554844002267E-01 -1.584351612918E-01  3.704070158625E+01 -2.478707001361E+01 -1.016921885116E+01
 5.555522955001E+00  4.549213337326E+00  4.752966241511E+00 -9.856946104203E-01  2.749784806164E-01  1.778799275953E+00 -1.408742099779E+01 -1.379372351319E+01  4.161800147500E+01
 2.483272926508E-01  1.122482630303E+01  4.465113904875E-02 -2.951077614998E-01 -1.261266466454E+00  1.863590416452E+00  5.151176568376E+00  5.189764273836E+00  9.076281510865E+00
 1.032548459048E+00  3.351275491640E+00 -6.502924279834E-02  5.877391424095E-01  2.742672597504E+00  5.171671432406E-01 -6.581675851641E-01 -2.315095169285E+00  1.032203079415E+00
 7.546180831633E+00  4.048329771857E+00 -4.604575760033E+00 -2.236805728002E-02 -1.900451360327E+00  5.263219755173E-01  2.938727381348E+01  2.760051525684E-01 -4.206766462652E-01
 4.395560908083E+00  1.252004134183E+01 -1.461057381682E+00  7.877274110118E-02 -6.894646472140E-01 -1.311501532863E+00  7.625388447735E+00  4.316186008516E+00  1.153318060783E+01
-1.207089106370E+00  7.938507045274E+00  2.156888833707E+00  1.210977514562E+00  1.843394565913E+00 -1.591416429163E+00 -8.905282544650E+00 -8.056866449019E+00 -8.923923778840E+00
 1.360009667374E+00  9.571038986433E+00 -6.274706740755E+00 -1.515832765866E+00 -1.846789336542E-01 -2.309678777783E-01  1.425819998720E+00 -3.288319529185E+00  1.487193028710E+00
 8.812573866964E+00  8.452918102612E+00  7.031981327017E+00 -2.893915263447E-01  2.655552973869E+00 -1.534271611246E+00  2.510021004024E+01  7.854028204485E+00 -1.009299225276E+01
-1.033962275423E+00  1.013063490469E+01  1.178498264349E+01  8.211792641920E-02  6.320394499857E-01 -3.152647645934E-01 -8.049361417417E+00 -2.479143361440E+00  1.959026525426E+00
 6.805679847600E+00  7.544414930218E+00  4.893978995941E+00 -2.012878832453E+00  1.865848723917E+00  6.139494362122E-01 -4.081457515610E+00 -1.754034960562E+00  5.207397344989E-01
-7.039000788327E+00  1.151310117348E+01 -4.541390676247E-01 -1.727692761750E+00 -1.031226857191E+00  1.222097711706E+00 -2.534995937023E+00  1.776562619416E+00  5.690993673529E-01
 4.148157692022E+00  8.069659242305E+00  1.109119267167E+01  8.319364858087E-01  1.143205089562E+00 -5.232716418242E-02 -3.063491265412E-01  3.677340353332E+00  3.563416311961E+00
 6.764523747605E+00  3.475665677665E+00  8.468316163997E+00 -2.778504003560E-01  1.426188728914E-01  9.093476631391E-01 -9.360535916150E-01  7.337683865278E-01 -3.239246287207E+00
 6.624731972521E+00  8.795054801421E+00  5.450774402256E-01 -2.857712349408E-01 -6.967045416927E-01  1.369078005666E+00 -4.389080617066E-01 -2.014584292144E+00  4.084131813412E+00
 1.129219024921E+01  1.545835471656E+01  1.484450843557E+00 -1.192634085879E+00 -7.915908607352E-01 -3.594081869405E-01 -2.009989324478E+00  2.486432446089E+00  2.852240392250E+00
 9.772376858149E+00  1.956592936595E+01  1.311932197803E+00  3.865104509622E-02  7.168286425843E-02 -1.248537096700E+00  6.078173919325E+00 -1.147739933593E+00 -4.924778281563E+00
 1.400839992395E+01  4.119567085043E+00 -2.787240321631E+00  1.653358896464E+00  6.234688923001E-01 -1.371106743606E+00 -1.020491713442E+01  1.860839702861E+00 -2.049009833167E+01
 2.928331749610E+00  2.940902521472E+00 -7.297107031227E+00  9.146783149265E-01 -2.404461173606E-01  8.461234012405E-01 -4.268766207836E+00  3.818734240848E-01 -1.557975738859E+00
 6.465690497400E+00  6.134253874256E+00 -2.459591023523E+00 -1.397604021125E-01  2.706526710661E-01 -8.675082083467E-01  2.393296996988E+00  1.938320383850E+00 -1.167854742644E+00
 4.834627294476E-01  5.081033148776E+00 -3.269034436251E+00  1.782524550127E+00 -2.967120647694E-01 -1.107783538660E+00 -1.978374692302E+00 -1.892782946121E+00  2.015343048657E+00
 7.718769398808E-01  8.847417349660E+00  9.088227158070E-01  1.313318083207E+00 -5.200460803088E-01  6.046873620100E-01 -5.479081131810E+01 -2.276735098217E+00  1.392151886245E+01
-1.441644682761E+01  7.549646156486E+00  1.196396519307E+01 -1.840916129409E+00  7.627695847822E-01 -1.144017030428E+00 -1.398316321055E+00  1.741773812630E+00 -8.076952252440E-01
 6.203713361869E+00  3.548585971859E-01  8.081068535662E-01  1.301314870533E+00  5.042599712567E-01  7.460104146315E-01  5.022274043752E+00  4.345859238877E-01 -2.356421244685E+00
 2.613290850644E-01 -4.296910265933E+00  3.518539146215E+00 -3.709221793113E-01  1.667641704451E+00 -7.536332866389E-01  2.492311708433E+01 -7.738238030348E+01  4.366330588220E+01
 4.401669531701E+00  6.209695942321E+00  7.646314369263E-01  8.526844693603E-01 -1.990824718054E-01  3.549847379772E-01  2.363663514395E+00 -1.619625583815E+01  7.278677754626E-01
-5.782325553364E+00 -9.694075385288E-01  3.553388573303E+00 -6.110162821864E-01 -6.843451879852E-01  7.584768565825E-01  2.302625219217E+01  2.342892198082E+01  6.276625779525E+00
-6.317131722823E-01 -2.204052502380E+00 -5.549172089159E+00  2.067983388397E-01 -8.533400657514E-02  2.108026890257E+00  3.320012779736E+00 -3.177317648341E+00 -4.640359114713E-01
 4.718114319861E+00  4.928847154637E+00  4.031587799703E+00 -4.587786551263E-01  2.674312819482E+00  1.402150802829E+00  9.377764108692E-01 -3.246209540067E-01 -4.161206427696E+00
-1.254731892399E-01  7.151618668555E-01  1.803884029454E+00  8.070198831523E-01  1.521250460582E+00  1.545083305457E+00  1.232238839268E+00 -4.064947239331E+00  3.262772579999E+00
-1.177774523890E+00 -2.750024740214E+00  6.084727878258E+00  5.581191986037E-01 -1.845939414362E-01 -1.309292678248E+00  3.481647491452E+00 -4.991955774504E+00 -1.265193780184E+00
 4.469546517876E+00 -6.234312720673E-01  8.165009019743E+00  1.634743224926E-01  1.083509771540E+00  1.431704734287E+00 -2.014705003243E+00 -9.771221420454E-01  2.023968021701E+00
 8.657990201903E+00 -6.175319677242E-01  1.088958715367E+01 -1.328440267465E-03  1.580984672636E-01 -3.432387799192E-01  1.533097880995E+01  6.214611916281E+00 -5.393011784056E+00
 1.314890787742E+01 -6.140794067699E+00  4.715437085310E+00  9.693545288497E-01 -4.490549155369E-01  5.274013545350E-01 -2.408290437682E+01 -3.770944069234E+01  2.114013304766E+01
 1.524274319834E+01 -4.588489789103E+00  6.110307369836E+00 -2.688079968007E-01  2.675175843717E-01 -8.167290398214E-01 -1.000683117088E+01  2.161629116841E+00  1.040836815911E+01
 6.312569217452E+00  5.143782067757E+00 -3.857783859574E+00 -8.036397539773E-01 -1.730726324506E+00  1.831954134799E+00 -3.390489801450E+00  8.999497121595E+00  3.938593406288E+00
 3.670263512684E+00 -5.087521086340E+00  3.152611976531E+00  1.349666859765E+00 -6.240976457306E-01  1.488454733651E+00  1.408976740410E+00 -3.687901448224E+00  3.747086293523E+00
 9.299522890425E+00  6.833691646359E+00  1.805671311406E+00  3.033991858447E-01  7.260716278390E-01 -1.232690454413E+00  2.869386908950E+01  3.842128028703E+01  1.879044320588E+00
 1.137986543035E+01 -5.180423939311E-01  1.003732718983E+01 -1.398839735008E+00 -1.130633432379E+00 -1.120649841886E+00  3.078692037483E+01 -2.291573650516E+00 -1.564102950751E+01
 1.197514468115E+01 -5.924787412133E+00 -2.456766206932E+00 -1.632210167747E+00  5.383566343698E-01 -5.142395807847E-01 -4.723706199987E+01  3.470576627814E+01 -9.428597926822E+00
 4.303789987587E+00  7.185180564076E+00  4.928835798580E-01 -1.858433765657E-01 -1.211932822275E+00 -1.499952876325E+00  8.701407776556E+00  1.469168494123E+01  1.398426941271E+00
 3.650435304351E+00 -9.399234346745E-01  1.134124559757E+00 -6.633006874671E-01 -2.356534505450E+00  1.975682111095E-01 -1.368540644017E+00  1.623885226444E-01  1.551143677098E+00
 2.628558885188E+00 -7.719124246375E-01  5.390928909256E+00  3.643529565138E-02 -1.310506605617E+00 -3.539440466471E-01 -3.605998293174E+00  1.784640508301E+00 -9.631381316620E+00
 6.018933673766E+00 -1.808984617539E+00  4.314724959574E+00  2.353968481234E-02  3.584091275450E-01  1.020926438576E+00 -4.706895467545E+00 -5.459320328179E+00 -1.047539301012E+00
-2.669394432032E-01  1.831604201911E+00 -7.255198796424E+00  4.827550392018E-01  8.478217817341E-01  2.744806387143E+00  8.798046777551E+00  1.038717787418E+01  3.799597664337E+00
 2.166536548798E-01 -1.821005699879E+00  8.144531424695E+00 -8.423484950367E-01 -2.327392097238E+00 -5.446615871926E-01  1.462604529833E+01  3.740674739004E+00 -1.306284763769E+01
-3.978357414053E-02 -7.397447321042E-01  1.299027585188E+01 -7.762753501680E-01  3.981000011472E-02 -2.053527743583E-01  4.182217139521E+00  6.308385777928E+00 -1.015574498895E+00
 1.028314638546E-01  6.629732012275E+00  1.113920903024E+01  9.723800123811E-01  1.413709242232E+00 -4.410064679168E-01  5.307407783350E+00  2.289833928287E+00 -5.614738092950E-01
 4.259329204046E+00  2.883088130197E+00  3.885372385329E+00 -1.132340769921E+00  7.580283221361E-01 -1.097360320725E+00 -1.989497931198E+00  2.937937239478E+00 -1.662429887819E+00
 3.564759294987E+00 -5.360113259805E+00  5.522837468604E+00  1.575795769668E+00 -8.995011297778E-01 -4.435314977134E-01 -1.420684336411E+00  1.701325310803E+00 -1.990532177788E+00
 3.118752050679E+00  1.250364854549E+00  1.422522787349E+01  1.139780644911E+00  3.825450503265E-01  1.743066911410E+00 -8.167710781850E+00  9.789247386649E+00 -6.426966902451E+00
 2.711114801501E+00 -3.440012262181E+00  8.252686713842E+00 -1.267091514216E+00 -1.313310811488E+00 -4.161003853567E-01  2.747269770479E+00  1.455806161474E+00 -3.286101481606E-01
 7.433279604910E+00  1.061339559714E+01 -1.181234444926E+01  2.252251551354E+00  4.407828250142E-01  2.559888630162E-01  1.003417138532E+01  3.240444219399E+00  6.117871093722E+00
 1.066459316047E+01  6.336627346026E+00  2.114883727799E+00 -4.290545688978E-01  3.417204019275E-01 -1.602970659693E+00  2.695096026191E+01  4.420794946312E+01  2.912934942627E+00
 1.308725085723E+01 -5.021541437640E+00  7.219031436901E+00 -9.429388940327E-01 -2.687582393645E+00  8.566838328898E-02  2.984020105795E+00 -1.739377936707E+00 -2.816937333461E-01
 2.165876733939E+01  1.904672375017E+00  1.066883242883E+01 -1.059169377414E+00 -5.999657656851E-01 -8.474016079388E-01  1.294746746405E+01 -3.696838357737E+00  2.028943082738E+01
 1.271208639495E+01 -2.354549532379E+00 -1.138026616330E+01 -6.901588876358E-01  1.367851639561E+00 -1.879238832462E+00 -2.876561819261E+01  3.149902150328E+00  4.510203465515E+01
 3.457143070820E+00 -2.328567345516E-01  3.126363345224E+00 -2.893469042556E-01 -3.905841758111E-01  4.079420392253E-02 -2.361930444661E+00 -4.166435142796E+00  7.641268182616E+00
 5.563268564711E+00  2.991814021358E+00  1.816580550749E+00 -9.519678919154E-01  2.261478800761E+00  4.023481176400E-01 -3.704920417601E+01  2.679785773064E+01 -3.605777832909E+00
 1.100115504198E+01 -1.164614441813E+01 -6.934801865658E+00 -9.740373333756E-01  1.590729050333E+00  1.087909130021E+00  1.141354363907E+00  8.735362165935E+00 -3.640517621312E+00
 3.581805993963E+00 -9.460239985802E-01 -1.517482868123E+01  2.537100553410E+00  1.102296600860E+00  6.305103379943E-01 -1.003844036615E+00 -1.389907651347E+00 -1.590142474405E+00
 1.171105059647E+01 -2.199257537722E-01 -3.789694573629E+00 -4.785203541326E-01 -1.115942919386E+00 -6.328805015693E-01 -7.751515492155E+00 -7.899630488935E+00  2.463293433187E-01
 1.351303895656E+00  2.312300949348E+00 -4.588967751787E+00  1.417042395025E+00 -1.254362732050E+00 -2.808183671098E-01 -3.607448858030E+00 -3.502119014150E+00  1.946033833557E+00
 5.667290841968E+00  1.683120184289E+01  4.045646414112E+00  7.708021139989E-02  1.691269243951E+00  1.861443419244E+00  2.596089564124E+00  4.159415355164E+00  4.654666163801E-02
-2.958127510605E+00 -9.760860457051E+00  1.733675200993E+00  1.286952428224E+00 -4.383069829807E-01  1.384043499563E+00 -3.223557490747E+00 -1.637346076379E+00  2.990383234581E-01
-2.957784841079E-01  1.924697114154E+00  5.162129139592E+00  7.168311806327E-02  1.537507819952E+00 -1.966169386175E-02 -3.290567070105E+00 -5.889393462860E-01 -5.137320450731E+00
 8.867246844515E+00  2.890934158356E+00  1.006804928562E+01  1.470550574290E+00 -1.040559141797E+00  1.510175066610E+00 -4.983994716393E-01  4.176216933573E+00  9.201955886594E+00
-3.726550468198E-01 -1.662331656085E+00 -7.396883432372E+00  9.955409974807E-01  2.411009472432E+00 -5.637798106685E-01  3.095342145160E+01 -2.442812323528E+01  3.181307513768E+01
 5.526455266563E+00  5.848635396188E+00  9.681654623317E-02 -2.227549251682E+00  2.420889503958E-01  1.082745202221E+00 -3.351302962606E+00  1.451934019904E-01 -1.575380247158E+00
 8.630666288534E+00  3.525279671364E+00  4.066277320679E+00 -1.038718980060E+00 -4.720566673074E-02 -1.687506704180E+00  7.943408838657E-01  6.776051759055E-01 -7.104897754613E-01
-2.922939473110E+00  1.867949918530E+00 -3.362552410057E-01 -2.191241389561E+00 -7.613636411269E-01  1.982557592947E+00  5.784575059481E+00  1.493684101087E+00 -4.808566783037E+00
 8.035155685380E+00 -8.464820397687E-01  7.573524672677E+00  1.630404812918E+00 -1.634216138467E+00  1.180992578410E+00 -1.240182023976E+01 -3.916592371892E+01  3.476278268201E+00
 3.994563721721E+00 -1.043178583527E+00  2.518707870934E+00  1.272708418597E+00  5.599507636741E-01 -1.973206351286E+00 -1.181848343978E-01  2.624020754656E-01 -7.400273326072E+00
 1.108620011495E+01  2.029461857584E+00 -1.439826878721E-01 -2.785487347370E-02  1.979812250478E-01 -7.258867124242E-01 -1.514871906648E+01  3.484355401078E+00 -2.125467345376E+01
 1.078336141546E+01 -8.447768353556E+00  2.533229775824E+00  4.224043241313E-01 -2.186651628654E-01  8.407875686975E-01  1.264271979979E+00  1.397916954297E+00 -4.202131680699E+00
 9.557686967127E-02  1.392358886026E+01  2.007574679562E+00 -3.422053269740E-02 -2.241752469336E+00 -5.829870307968E-01  2.585764794204E+01 -1.638936681278E+01  2.361250833290E+01
 9.702457687355E+00  8.251288597892E+00  1.558488333212E+00  2.110507533592E+00  1.960859417699E-01 -1.316640199266E+00  5.607676652596E+00  1.823926616245E+00 -1.109631469825E+01
 7.914758156016E+00  9.440264521135E+00  1.532532264022E+01  1.694564473878E+00  1.525492934316E-01 -1.153912448672E-01  2.960546012205E+00  3.481465305832E+00  2.787655508745E+00
 9.754424076143E+00  8.716548642477E+00  4.916753091870E+00 -8.801181988883E-01 -2.715507151193E-01 -7.007332959022E-01 -1.904023098859E+00 -1.240750185558E+01 -8.320239938488E+00
 1.416751327216E+01 -8.753650439934E+00 -4.072430942457E+00  9.504983320106E-01 -8.999434383325E-01 -4.659176130371E-01  4.615610017319E+00  2.170100401841E+00  3.263658828160E+00
 5.257049789733E+00 -2.721735433710E+00 -1.376235692862E+00  7.545024897845E-01  3.266634835559E+00 -1.929970286701E-01 -3.672907515715E+00 -7.555188510225E-01  6.867194559666E-01
 1.096554356119E+01  1.377035461672E+01  1.080686620695E+00 -7.318439872844E-01  8.670645092219E-01 -1.004126182499E+00 -8.000709805003E-01 -1.282116334176E+01  9.783432673864E-01
 8.867551753876E-01  4.185911293772E+00 -4.566358265550E+00  2.031428991575E-01  1.366860695526E-02 -2.015840894094E+00  1.143876679882E-01 -7.394293239992E-01 -2.094951838466E+00
 6.644147545907E+00  6.327085527092E+00  4.603863466395E+00  1.295020994473E+00 -1.999926409889E+00  7.269928825152E-01 -2.353767125556E+00 -1.154131229741E+00 -2.206992745049E+00
-1.018528835550E+00  1.645153027944E+00 -1.809378140896E+00  2.849734771651E-01 -3.364433690428E-01 -9.492969319411E-01  7.851926330707E-01  2.834619539111E+00  4.423165980548E-01
 4.946386390884E+00  2.186884513583E+00  5.495546351940E+00  5.252960984379E-01 -1.988425812203E+00  1.166230648201E+00 -5.976214278333E+00 -4.016243648975E+00 -2.164009499743E+00
 8.528941904499E+00 -1.076423046074E+00 -1.122341301409E+00 -1.945316780987E-01 -7.036308644609E-01  3.071183266929E-01  1.114375764553E+01  6.931354096139E+00 -4.943636491512E+00
 7.765493329301E+00  3.746272051958E+00  1.778428376880E+00  5.448067139169E-01  2.754748527928E+00  9.606139291081E-01  5.074266463061E+00 -1.219811741616E+00  3.628842576849E-01
 6.864795967604E+00  9.048862585299E+00 -2.455045990920E+00 -2.648342546129E-01  1.542515757962E+00  8.456405127515E-01  1.939591158854E+01 -1.607717838292E+01  2.049754992936E+01
 8.416337387506E+00  9.604843548777E+00  3.956866886454E+00  5.726890911383E-01 -7.866727881993E-01  1.657864490196E+00 -6.428991847496E+00  1.497663982578E+00  3.204187517534E+00
 6.277756389529E+00 -2.494439816738E+00 -3.902709216041E+00 -1.238661152678E+00 -6.434851818093E-01  3.060113196081E-01 -3.242743242275E+01 -8.108766033751E+00  7.783957215581E+00
 3.653973606712E+00  6.889758737494E+00  6.088290118330E+00  1.640054580792E+00 -2.587614446579E+00  1.847644903126E+00 -1.521589309235E+01 -5.377431942873E-01 -1.069169354264E+01
 8.493472276571E+00  1.470093136240E+00  9.497758447581E+00  2.870410730688E-01 -1.583808751036E+00 -5.555300929036E-01 -3.632888113701E+00  3.406287450756E+00 -1.905072005808E+00
 9.160073772012E-01  4.202159575547E+00  8.252009145394E+00 -7.860907241054E-01 -3.205448032643E-02 -5.630368444312E-01  1.382337529216E+00 -2.344746610366E-01 -2.949251592736E-01
 7.398001201842E+00  1.525133897669E+01  5.874731401196E+00  5.097137076345E-01 -1.666182841460E+00  3.702263119192E-01  4.601931624797E-01 -2.899341842947E+00  5.201318578087E+00
-1.403734170419E+00  2.702935495405E+00  1.667192977064E+00 -6.116517805209E-01 -4.173441730647E-01 -8.997281404914E-01  8.680995572118E-01  3.374606562937E+00  5.300930426686E-01
 1.664231270179E+01  3.046663185842E+00 -4.038108699882E+00  1.842875492871E+00 -7.838002740078E-01 -2.243719884254E-02  5.349850681000E+00  3.265174973877E+01 -3.309625346526E+00
 7.237681105347E+00  4.668746712286E+00  6.582801391385E-01  1.441157202738E-01  1.790767528487E+00  6.317644284232E-01 -8.215527282662E+00  1.047727570686E+01  6.117966228551E+00
 2.405987446684E+00  4.385995329972E+00 -3.454458662972E-01  1.222679112706E-01 -6.453645230537E-01  1.425595664481E+00  4.327275872994E+00 -1.210959482237E+01 -2.647465045119E+00
 3.266410746752E+00  6.247338221088E+00  8.159982654354E-01 -1.752295828921E+00  1.047047422478E+00  3.662244331905E-01  5.717362352140E+00 -3.403854475448E+01  2.923135838265E+01
-3.254016426028E+00  6.970867521196E+00  3.384075292762E+00  1.665733454180E+00  9.915751634208E-02 -1.293125942426E+00 -2.864542778360E+00  4.657657553901E-01  3.844780047665E+00
-8.140418038323E+00  1.182037631380E+01  1.853084004494E+00  1.016427654633E+00 -9.922333368616E-01 -1.557227833676E-01  2.172055425925E+00 -6.622292055964E-01  1.304214559379E+00
-1.240691991875E-01  1.478592503710E+01 -1.765187663191E-01  2.378610102954E-01 -9.226203990926E-01 -1.647730490130E+00 -2.832175896421E+00  2.890070896995E+00  5.365147376240E+00
 2.005198164478E+00  1.812084535254E+01 -4.354851570617E+00  3.968461247780E-01 -2.977563757894E+00  1.305884830690E+00  6.372459382645E-01  4.059858137960E+00 -2.797660308688E+00
 3.633268734099E+00  4.586390373140E+00  4.310168000800E+00  4.486163812123E-01  2.136716950439E+00  5.676902325200E-01  2.966772853961E+01  3.920905506244E+01 -1.780053142816E+01
-1.615627289882E+00  7.400483421043E+00  8.645932619255E+00  1.044597873454E+00 -4.014404381621E-01  1.519812021493E+00 -6.078490342428E+00 -6.792304573980E+00 -9.056320546105E+00
 2.793135225211E+00  5.628823277003E+00  3.281894452759E+00  7.785711009264E-01 -7.079926704265E-01 -1.414507873312E+00 -3.152934120095E+01 -1.150962636901E+01  1.160478397917E+01
 6.499163848761E+00  1.084642934126E+01 -3.165514342226E+00  6.767907002671E-01  1.007865221964E+00 -6.036812140861E-01 -1.969652205534E+01 -1.402160487095E+01 -1.565108513962E+01
 1.275365962241E+01  3.543914369911E+00  7.665450856649E+00 -1.611950249618E+00  1.203817837536E-01 -3.602018181931E-01  4.127348089024E+01 -3.017345420257E+01  3.734389782999E+00
 1.620851287734E+01  9.062538396129E+00  9.589662014896E+00  1.793706746640E+00  2.688481877515E-01 -1.786308619388E+00 -4.728641106699E+00 -2.301232075849E+00  6.492354115861E+00
 1.578598050342E+01  1.379627350939E+01 -2.213358184276E+00 -4.098498886132E-01 -1.632446752534E+00 -1.086507731798E+00  1.407246249112E+01  6.206208140291E+00 -8.730597448851E+00
 1.275437793335E+01  2.695637685032E+00  1.684544649998E+01  3.650889275143E-01  1.093102797147E+00  7.898934843371E-01  2.279987789731E+00  2.230724087292E+00  4.651047119693E-01
-2.908794512579E-01  8.799100780251E+00  4.829457018902E-01  5.607632587256E-01 -1.781719886585E-01 -1.049199416490E+00  2.267393167752E+01  4.838155656387E+00  1.734640950288E+01
 5.367774946513E+00  1.041075891426E+01 -7.009231791858E+00  9.707614554755E-01 -8.696178568943E-01  1.369200047297E+00  1.205106215733E+02  2.444023799730E+01  5.719305363234E+01
 4.838828732570E+00  1.341058088825E+01  3.064939154930E+00 -1.886218510253E+00 -5.118286724217E-01  6.623566798367E-01  3.232891108574E+00 -2.228492317809E+00  1.346275366586E+00
 6.035555262049E-02  1.878561248974E+00  7.818453504534E+00 -1.615161554347E+00  1.116374926623E-01 -1.278526862162E+00 -1.926997010599E+00 -3.446484232418E+00  4.169322316357E-01
 9.804136318735E+00  2.791967398685E+00  2.068114022427E+00  2.474932254829E-01  2.366273882950E-01 -1.325281180672E+00  1.396363101852E-01 -2.267856403065E+00 -2.466535261075E+00
 5.466832302120E+00  1.247114254134E+01  2.212674105508E-01  9.256751740974E-01 -2.441645119274E+00  9.868711082267E-01  6.783279277077E+00 -2.323563345231E+01  2.336708840569E+01
 1.539186422323E+01  1.073211598775E+00  8.244135932229E-01  2.197541596329E+00  9.154772210154E-01  4.218130031125E-01 -8.865864196350E-01  5.013622495159E+00  1.333677698877E+00
-1.822329381941E+00  8.074230030359E+00 -3.720291653953E+00 -4.009801899582E-01 -1.383597387663E-01  3.201634274646E-01 -1.044370010235E+01  2.021352371215E+00  3.508400155886E+00
 3.661500395952E+00 -9.793531350483E+00 -7.986885765008E-01 -2.593514217201E-01 -2.740859837887E-01  3.798010666896E-01  3.203080453895E+00 -5.925652029290E-02  1.772350124062E+00
 2.314364899032E+00 -2.411700693615E+00 -1.635987505873E-01 -8.741956479368E-01 -3.433948179355E-01 -8.149005628316E-02  2.569641672027E+00 -7.009531595134E-01  2.106618394398E+00
 1.103775800112E+01 -1.198016144463E+00 -4.268424316347E+00 -1.097309520776E+00  6.716876230503E-02  7.860744593015E-01 -6.574178562813E+00 -1.320850134528E+01  1.501040634995E+01
-4.936064827684E+00  1.792150621134E+00  9.352847093659E+00  7.009475715237E-02 -3.394423446897E-02 -1.601779158651E+00  1.640796900456E+00 -1.535795214929E-01 -4.822459755198E-01
 5.664437536325E+00  8.698920877383E+00  5.457389208764E+00 -5.977090015678E-01  2.413160636094E-02 -3.264898376037E-01 -9.565544006087E-01 -1.594168606359E+00  2.798314478435E+00
 5.154788459518E+00  3.305572885689E+00  8.421119966224E+00  1.882499421052E+00 -1.149143966984E+00  7.220017763683E-01 -8.795469533552E+00 -6.518601960776E+00  9.612717594737E+00
-3.337675676397E+00  9.149107666948E+00  1.570843170590E+00  1.547688872945E+00  5.378907014933E-01  3.444481327737E-01  2.845765827622E+01 -5.996662230841E+00  1.453711951791E+01
 1.201727001663E+01 -4.837861480591E+00  5.426605064523E+00 -1.859951127021E+00 -6.849678989358E-01  5.630096049328E-01  1.050588420700E+01  3.289958685769E+00 -5.111345316060E+00
-4.088047066383E+00  1.016745124587E+01  5.947824768872E+00 -4.740646975178E-01  3.877951887420E-01  1.129746147766E-01  3.211573504481E+01  2.395500392414E+01 -1.892634967112E+01
 3.319904920884E+00  7.328483562957E+00  1.202747478710E+00 -9.258253888555E-01 -7.259979730219E-01 -1.697901192795E+00 -3.278452673715E-02  2.640934584800E+00 -6.079216473878E-02
 1.530568323026E+01 -1.154181209353E+01  1.107931819812E+01  1.730270307582E+00 -1.586651038175E+00 -8.629730186119E-01 -7.596468112254E-01 -3.205453681631E+00  2.057186982866E+00
 9.273259426289E+00 -2.239480556344E+00  8.207592614684E+00 -5.296664455882E-01  4.344038522783E-01 -5.222079062981E-01  3.996905952123E-01  3.985415745648E+00  3.089361778275E+00
 1.067666062478E+01 -2.338983103305E+00 -6.207819431050E+00 -3.580784608555E-01 -7.673748575801E-01 -6.053588713031E-01 -2.797918343353E+00  8.088770095412E+00  5.575298082914E+00
 7.971081666456E+00  3.689591393944E-01  9.210324644194E-01 -1.238326477210E+00  2.745951463942E+00 -1.235513861328E+00  1.240698133649E+00 -1.986330591116E+00  1.552367685355E+00
 7.696194785947E+00 -9.696315970218E+00  4.624510694664E+00  2.471651393570E-01 -1.757970158290E+00 -1.068671389863E+00 -9.954909854005E+00 -6.545532089152E-01 -8.140675475122E+00
 4.133726755736E+00 -3.604746828070E+00  5.175767012074E+00  1.788607539413E+00 -2.700814276552E+00 -4.901827409823E-01 -1.167508800947E+01 -3.924569369195E+00 -1.893095178564E+01
 1.000368713511E+01  3.915726222512E+00 -8.051438062854E-01 -1.022477694582E+00 -6.244975865714E-01  1.796080625231E-01 -4.692085424216E-01 -6.964523684893E+00 -2.091255302194E+00
 1.578100468686E+01 -4.560681195561E+00  5.221209399178E+00  2.384179856944E-02  5.775583964350E-01  8.970830043179E-01  7.284088759896E+00  1.158528357795E+01 -1.687944371087E+00
 5.830672521405E-01 -2.769260262410E-01  7.458794719609E+00 -1.227381783067E+00 -3.001227803069E+00  9.970285730876E-02 -2.992085701708E+01 -1.377787246649E+01 -1.175028135902E+01
 8.090933662282E+00 -4.905801798227E+00  7.025893374990E+00 -1.067060063343E+00 -9.145158198853E-01 -1.369725173944E-01  3.408594886584E+01 -1.094215925908E+01  1.218183264134E+01
 7.840168213012E+00  4.005225007448E+00  8.601243375775E+00 -2.509130650017E-01 -1.468037855152E+00  4.226987327468E-01 -3.411054744032E+00 -5.077534572160E-01 -4.738685854713E+00
 7.841588874884E+00  1.479261278634E+00  4.716491930734E+00 -1.092226873475E+00 -5.260935634106E-01 -1.238645631314E+00  1.686395527543E+00 -2.581957005062E+00 -2.212403977918E-01
-4.151638356085E+00  1.977754477685E+00  2.390732008099E+00 -4.771395883849E-01  1.309077165176E+00 -2.053211030295E+00  1.458496971802E+00 -4.516416697481E+00  1.708859070756E+01
 6.635042841495E+00  1.281739299284E+01  3.168324520818E+00  7.464236789485E-01  4.904806562424E-01  5.910670591554E-01 -4.750177497142E-01  1.052538989984E+00  1.752291223366E+00
-1.162694237528E+01  4.544075268558E+00  1.307495786706E+01 -6.425520046198E-01  6.214918089506E-01  1.087327214791E-01 -1.556085837072E+01 -1.924336050055E+01 -6.058254185386E+00
 7.461781787878E+00  5.567812919614E-01 -1.006721068340E+01 -7.719669701411E-01  1.285778577206E+00  1.358543260069E+00  9.801743496810E-01  3.247477513617E+00  1.617925414445E-01
 6.784269329874E+00  3.519451507356E+00  7.257653313225E+00  1.760696460910E+00  2.886199451721E-01 -1.136105711180E+00 -2.372756246263E+01  1.213048813598E+01 -9.058263388337E+00
 2.164833972597E+00  4.529295367688E-01  3.590952708993E+00  5.937684872258E-02 -2.167002477641E-01  2.751632689056E+00  2.341924626827E+00 -2.146816968342E+00 -1.131064639897E+00
 4.114516187165E-01 -6.952688624176E+00 -4.875596604099E+00 -3.993764341546E-01 -1.343846516071E+00  2.324412179163E-01 -1.991405795277E+01  1.470706646787E-01  6.884449365298E+00
 5.666158845831E+00  1.074435012180E+01 -1.896738539577E-01 -9.153637264534E-01 -5.092555164831E-01  7.099741031416E-01  1.698753485008E+01  3.514409216140E+00  2.989563031060E+00
 6.021458864160E+00 -6.128033470021E+00  2.593160049198E+00  1.306598157244E+00 -2.213676575432E-01  1.252686179481E-01 -3.385026711515E+00 -4.286123676114E+00 -9.059848611121E-01
 6.844280455443E+00  1.662524705026E+01  6.475868824852E+00 -8.787739666811E-01  1.621922538895E+00 -2.047595402720E+00 -1.286531477388E+01  1.769090100355E+01 -4.639882680603E+00
 3.683106499746E+00 -7.850818966889E+00  7.897829599894E+00  8.981096250729E-01 -1.672279273571E+00  8.672138841325E-01 -9.028169933139E+00 -7.327652123042E+00 -5.933557579870E+00
 1.338954073162E+01 -4.181958531349E-01  1.568609258434E-01 -1.123599447414E+00 -2.266290536522E+00  3.008591077024E-01 -2.418279805582E+00 -3.064312900224E+00 -7.257625480207E-01
 1.138784236877E+01 -6.999436527315E-01  2.481286954197E+00 -9.959440200971E-01 -4.970293160124E-01  3.499566303701E-02  2.521213771672E+00 -2.707431581855E+00  4.352649252180E-02
 6.174399380251E+00  8.001965564750E+00  3.172874373542E+00  1.771215089967E-01  1.403972575451E-01  7.707159429403E-01 -1.701619888119E+00 -8.486180912252E-01  2.430170746758E+00
 1.517564065071E+01 -5.412130673387E+00  2.854301972349E+00 -3.690063728947E-01  2.292224496144E+00 -1.083350634117E+00  3.572013241559E+00  4.402673922458E-01  4.895312183518E+00
 1.085588127666E+01 -1.739491373847E+00  7.165278753668E+00 -2.229844267721E-01 -3.042538041684E-01 -1.596270487720E-01 -2.136410952275E+00  2.592754991744E-01 -1.186110238072E+00
 8.995918078486E+00 -5.978149691026E+00 -1.158979085500E-01  2.254490975389E-01 -1.450361529957E+00  6.995958828367E-01  2.896608112510E+00 -2.553167433075E+00  5.316504347071E-01
 5.343743676461E+00  3.154686380909E+00  9.516805683475E+00 -1.222410160952E+00  1.630841797038E+00 -1.674416702108E+00 -5.430875201801E+00  1.795081064825E+01 -2.175105482650E+01
-2.786730455781E+00  7.692830625659E+00 -4.069851223218E+00  3.282957905551E+00  2.044300666879E-01 -1.227164392017E+00  3.879290177340E+01  5.640537314931E+00 -1.545787224314E+01
 1.714597150552E+00  1.750608002794E+01  9.424209459457E-01 -3.123942269624E+00  2.174193068355E+00 -1.059146255469E+00  2.326862854755E+01  1.005145612378E+00 -7.959498521553E+00
 4.532158812538E+00  5.075852853722E+00  5.087302473964E+00  2.011675770343E+00  1.265314812837E+00 -1.282890335188E+00  1.044398022878E+00  2.747137942581E+00  6.377947751810E+00
-1.592051324082E-01 -2.956999645460E+00  5.373933626463E+00 -3.081121802920E-01 -1.800947609945E+00  3.513048306182E+00  9.293819492317E-01 -5.197089775942E-01 -7.165455884790E-01
-1.496297172157E-01  1.902441718155E+00  1.099663286632E+00 -4.403531189561E-01 -8.330947199522E-01  5.969960366728E-01 -1.028810214428E+01  9.768482506687E+00 -4.589303868545E+00
 4.475011846809E+00  7.657724528827E+00  7.810008234601E+00 -2.808185500954E-02  6.619409997275E-02  1.707379187368E+00  1.151299245096E+01  1.510165670524E+01 -3.660717577829E+00
 9.860095250062E+00  3.222539747608E+00  4.017549908184E+00  1.406827458142E+00  1.209139568508E-01 -2.895237790107E+00 -6.859840576159E+00  1.958176189253E+01 -3.812934614811E+00
 1.291556241370E+01  3.967391610089E+00  6.540440144164E+00 -1.718816667083E+00  2.993183571065E-01 -4.510479652060E-01 -1.630932141563E+00  1.854679893771E-01  3.128346386714E+00
 1.353924716622E+01 -1.979887693942E+00  5.470939377220E+00 -1.548789956599E-01 -1.797283840788E+00 -2.651158236402E-01 -7.982247606259E+01  3.690614366522E+01 -4.758145567814E-01
 8.382064093581E+00  7.883090644423E+00 -2.315828663392E+00  1.550495010919E+00  3.103272750122E-01  2.065296621072E+00  5.046344174500E+00 -2.405626040219E+01  8.728160171001E+00
 3.184943469110E+00  8.549279832440E+00  9.314271246400E+00  1.065042549061E+00 -1.992031129489E+00  5.460311316016E-01  2.557448147522E-01 -3.080263176613E+00  1.727152877781E+00
 6.706153250980E+00  1.291639072004E+01  1.020865188277E+01  4.007978846658E-01 -1.954879137158E-01 -2.363394108731E-01  6.778596675582E+00  3.303508168450E+00 -3.635979423994E+01
 1.062730819742E+01  1.279538069832E+00  1.133708854427E+01 -1.123924203782E+00 -6.479722064661E-01  3.382620399824E-01  2.097387613401E+01 -3.344489446192E+00  4.233927235223E-01
 5.740274633166E+00  8.272915117981E+00 -1.457711704081E+00  4.871936904312E-01 -2.434810669639E-01  1.435640907381E+00  2.913971278308E+00  3.055843041405E+00 -2.500778349298E+00
 1.749887129258E+01  1.260123962524E+01  8.546602058586E+00  1.024855544174E+00  7.158137855476E-02  2.590637676532E+00  1.501355077294E+01  8.832327452277E+00  1.723373966226E+01
 7.125954174978E+00 -1.672515559801E+00  4.162319174606E+00 -1.431375381260E-01 -4.613572545894E-01  1.957283936244E-01 -2.464085308512E+00  1.077811433259E+00 -1.051315142482E-01
 8.254291225052E+00 -2.680444906471E+00 -3.294944820842E-01 -8.543080000758E-01  3.136115421185E-01  2.614896289008E+00 -5.814503542369E+00 -3.291198864240E+00  1.453089893872E+01
 7.430284398756E+00  9.137403037044E+00 -1.451257620910E+00 -2.377526887173E-01  2.133614211953E-01 -2.142964921227E+00  1.992263988281E+01 -7.518034720388E+00 -5.593227826354E+00
 1.752113694643E+01  6.837954389347E+00  6.931248815389E-01 -7.899460054087E-01 -7.413925351812E-01  2.336656240100E-01 -2.341393255026E+01  9.738967181345E+00  7.063812259001E+00
 9.358862874666E+00 -4.995648743828E-02 -6.394651687459E+00 -2.990509396268E-01  5.216284121954E-03 -1.149758528127E-01  3.790604386885E+01 -3.646478012122E+01  2.818917501280E+01
-6.587531366579E+00  1.367760683711E+01  2.005641691636E+00  1.287327488956E+00  1.291454129479E+00  5.272813398861E-01  5.626066665514E+00 -1.700519526704E+00  1.828914422276E+01
-2.914100569975E+00  1.046355817566E+00  1.392093449332E+01  4.935047272580E-02  1.264747228855E+00  1.092871936230E+00  2.108488655739E+00 -4.129976299823E+00 -4.563960307928E-01
-9.508516542246E-01  1.518541874948E+01  1.696543869093E+00 -7.724399434506E-01  5.817141279789E-01 -1.173486585697E+00 -9.403172451796E+00  2.019448974347E+01  5.273903979705E+00
 1.357613321490E+00  9.626858946594E+00  1.110918599036E+01  6.605953096443E-01  2.811605706206E-01 -1.880280131172E+00  3.109702401782E+01 -1.164468388108E+01 -2.569278806439E+01
 5.681259860402E+00  5.879640510608E+00 -1.653025367742E+00 -8.149605185528E-01 -8.241920949271E-01 -2.255018888577E+00 -9.281050084162E+00 -1.386051485289E+01 -5.208566153903E+00
 3.235479746786E+00  8.274432804398E+00  2.018820816836E+00  8.697002745935E-01 -7.018699579137E-01 -2.746540049263E-01  1.437647398324E+01 -2.226184273393E+00 -5.491318409222E+00
-9.221758423249E-02  2.725943769458E+01 -1.106199255861E-01  1.809516378963E+00  3.512472231154E-01 -6.055927926825E-01 -1.008973757553E+01 -2.915530674492E+00  1.516452659280E+00
 3.911376734970E+00  1.106850359043E+01  4.895632003401E+00 -2.839036215351E-01  3.963617907964E-01 -1.596829897121E+00  6.523379501179E+00  2.318263311591E+00  1.060961365159E+00
-7.657825570525E-01  7.485647065241E+00  9.579327491125E-01 -1.456666223459E+00  1.693728847741E+00 -1.437687065135E+00  2.301051376949E+00 -2.741972366840E-01 -8.041460705256E+00
 4.259047318965E+00  1.421409148225E+01 -8.265458143885E-01 -1.338905851009E+00 -3.454704519796E-01 -4.295047707027E-01 -4.263222765937E+00 -3.377435296606E+01 -2.587041285855E+01
-3.755485882430E+00  1.029326638919E+01  8.959953560379E+00  1.273355168471E+00 -1.345949307582E-01  2.307045506456E+00 -2.943253126708E-01  1.124035429743E+01  8.802764224436E-01
 8.151716466059E+00  1.327394602248E+01  1.559222938568E+01  1.710889190341E+00  1.256744644785E+00  3.469686293448E-01  1.034152797265E+01 -1.338875540970E+01  1.458923653212E+01
 1.265796865451E+01  7.345454344685E+00  4.616451985042E+00 -1.017188380971E+00 -2.283407063681E+00 -9.304767914964E-01 -9.272282806426E-01  6.886712683688E+00  1.607063086844E+00
 7.454624559613E-01  1.892699975326E+01 -5.667867858406E-01  2.183355809407E+00  1.085666943390E+00 -2.069970425264E+00  2.341033546814E+00  2.906313450475E+00  1.704421359655E+00
 8.866119009216E+00  8.684928029136E+00 -2.449631972203E-02  1.066540415203E+00 -7.665569910923E-01  5.812711196483E-01 -2.834871866887E+01  8.265133693974E+00 -5.567652588765E+00
 7.091423961580E+00  6.655172476070E+00  9.669549145414E+00  1.421629266377E-01 -2.817787945322E+00  1.554124201663E+00  2.300825094418E+00  8.415884888726E-01 -2.170491584957E+00
 1.678434016237E+01  1.423005338952E+01  6.031344678453E+00  1.341979475505E+00 -5.859932766830E-02  5.297990422223E-01 -5.777341203895E+00 -5.056822598818E+00  1.263335828721E+01
 2.624183327191E+00  4.962158291206E+00  1.056556538423E+01 -4.225008313868E-01  9.915496190946E-01  6.751706253893E-01  1.526092258415E+00  3.741254313361E+00  2.190209450972E+00
 6.647717227964E+00  2.568715343547E-02  7.881066340925E+00 -2.174390921837E-01  2.411192936998E-01  1.463691196422E+00 -6.137082904071E+00 -4.311307689154E+00 -1.284593350448E+01
 1.678873776048E+01  8.079872190598E+00  8.692749846342E+00  2.512777243380E-01  1.191660090342E+00  1.227970945206E+00 -6.834453345256E+00  3.988122254036E+00  1.191229519749E+01
 2.300995098024E+00  9.144370074617E+00  8.211373329867E-01  2.050540612509E-01  3.531597554303E-01 -1.288830313891E+00  8.827169337756E-01 -1.780795398055E+00 -2.204929153620E+00
 9.369361757694E-01  5.945126178563E+00  4.690713596432E+00 -4.291065785054E-02  2.669805211424E-01 -1.615855313554E+00 -3.363935965918E+00 -1.624872521433E+00 -1.239778568024E+01
 3.956291674065E+00  1.719292527203E+01  7.023521523359E+00  1.497543925484E+00 -6.253480640531E-01 -1.314639632597E-02  1.180055912330E+01 -1.289496127685E+01  6.250087730500E+00
-1.469648848809E+01  4.610181705003E+00  7.232769115756E+00 -1.896912308824E+00  8.278483787959E-01 -6.299301151869E-01  2.015066910460E+00 -5.442641438441E-01 -1.545007185580E+00
 9.478401194875E-01  2.407557287891E+00  1.753348678882E+00 -8.688542241986E-01  2.720320947086E-01  1.479545965224E+00 -5.178056211217E+00 -3.909518095898E-01  1.114313290008E+00
 4.609125883180E+00  6.860723933414E+00  2.714726450626E+00  4.733544456745E-01 -5.355086343641E-01  9.402656958831E-01 -4.466004451210E-01  2.485323994755E+00  1.663113146432E+00
 4.371574032313E+00  1.079336924040E+01  8.526703434054E+00 -9.383496198050E-01  1.795216568201E+00  3.843651772762E-01  1.742477581725E+01 -5.408028091118E+00  5.977827011074E+00
-1.214264856694E+00 -6.892630839329E-01  6.529879345857E+00 -7.430265210578E-01 -1.817515236608E+00 -1.541306346637E+00 -2.634269589497E+01 -1.337132689671E+01  2.779513911076E+01
 1.089483760098E+00  5.272195750793E+00  5.865497669360E+00  1.454445338386E+00 -1.289512042164E+00 -1.940023801537E+00 -1.085118067706E+01 -1.401848647723E-01 -2.868767925473E+00
 1.156649095532E+01  6.314406549593E+00  9.466681616589E+00  1.760297278573E-01  3.171107672277E-01 -1.823275362089E+00 -2.674942992749E+00  1.933772209866E+00 -4.406009786506E+00
 3.971880960243E+00  7.079471661417E+00 -1.525866506672E+00 -5.950152801035E-01 -2.753667896001E-01  1.810529721864E+00 -7.656275676659E+00 -1.346797305266E+01  1.529372054110E+01
-6.093323240738E-01  1.826856289372E+00  1.000405958857E+01 -1.489496919030E+00 -4.971480966527E-01  8.924557267456E-01 -4.383018079948E+01 -3.182987164918E+01 -2.263967604536E+00
 1.158033216571E+01  1.621329277636E+01  1.332122342517E+01 -1.337695264659E+00 -6.330483944569E-01 -7.891220424363E-01  1.215613873240E+01  2.826838073811E+00  1.072734774788E+00
 9.135453552767E+00  2.483839318370E+00  9.145404106338E+00 -1.017422596408E+00  6.894622353324E-01 -1.929205567671E+00  3.836475856387E+00 -9.260624527499E+00 -8.660961835215E+00
 4.719834884225E+00  1.073912512365E+01  1.638853835876E+00  5.554820479342E-01 -3.125383849853E-01  8.193355655787E-01  5.035074189042E-01  3.876192386595E+00 -1.682080745328E+00
 1.312114263969E+01  9.878957439675E+00  7.025068335448E+00 -1.034037910529E+00 -5.819356586405E-01 -2.062624642967E+00 -1.772721843539E+01  1.785657186089E+01  7.597084722266E-01
 4.535973895129E+00  7.903243916648E+00  2.236890429136E+00 -1.438652318506E+00 -1.158266046166E+00 -1.022411013032E+00 -1.601801565953E+00  3.746323259022E+00 -4.749189563498E-02
 1.097998578527E+01 -6.776115234238E+00  6.064984779271E+00  1.242720149253E+00 -2.107446362007E-01 -2.122323428739E+00 -3.044416735484E+00 -5.616052125478E+00 -2.150366094676E+01
 6.071350781580E+00  3.598951907791E+00  6.539754896056E+00 -1.357532402221E+00  4.430391600988E-01 -1.179707498304E-01 -3.658627475373E+01  1.766207855977E+01  9.389847731289E+00
 1.256409705349E+01  4.649053134978E+00  4.175834020547E+00 -8.233098077239E-01 -9.526723672677E-01  8.224997382748E-01 -2.836650965917E+00  8.081861392289E-01  1.678744165823E+00
-1.411181196440E-01  2.891949001779E+00 -1.834488323528E+00 -1.904525464472E+00  7.710249940884E-01  6.405690383426E-01 -5.904973273731E+00  4.562036991480E+00 -3.557410454453E+00
 1.137407146502E+00  8.453231901456E+00  4.420493196433E+00 -6.120210417057E-01 -1.192442533104E+00  2.537402387656E-01  8.030901390944E+00  1.123017522595E+00  4.832369511794E+00
 4.167367621969E+00 -9.503458854375E-01  9.484003973604E+00  5.634776687803E-01 -1.162653862713E+00 -2.257420977477E+00 -1.504777176662E+01 -1.668972082324E+01 -1.725946577545E+01
 2.364040476629E+00 -1.041595804570E+01  1.428364228410E+01 -1.448102427710E+00 -7.247442826115E-01 -8.010775413508E-01 -4.699409382388E+00  1.446653207081E+01  3.001221606047E+01
 5.788749525775E+00  2.233470727198E+00  8.537581776009E+00  3.297121739381E-01  4.378146286896E+00  9.563967849610E-01 -1.354116572333E+01  3.821393319577E+01 -1.735087191609E+01
 5.749636386018E+00 -3.497042675042E+00  6.158306335941E+00  1.040523594764E+00 -2.124074612406E+00 -4.545120889281E-02  4.222084879889E+01  1.102968875085E+01 -8.014382801779E+01
 4.378636432206E+00 -2.377707048966E+00  5.481521989697E+00 -2.326357351109E+00  1.779870186464E+00 -1.888491946601E-01  6.299586398125E+01 -4.065913112930E+01  7.838561483785E-01
 3.907691389357E+00  1.216711890101E+01  1.047597065420E+01 -6.082714455345E-02 -2.018976474033E+00  1.668598238503E+00 -1.966740170615E+00  2.216975876104E+00 -3.296532519741E-01
 8.242368189495E+00  1.812756282118E+00  3.131710443428E+00  2.240472520052E+00 -2.855389083135E+00  3.453330557851E-01  2.786152460345E+00 -2.093544328233E+00  1.834161971238E-01
 9.087582036065E+00 -5.196064839138E+00  6.810166657745E+00  3.667670064031E-01 -1.268836086537E-01  1.277061107902E-01  5.647090778148E+00 -2.642552321592E+00  1.300858139440E+00
 7.341514721519E+00  2.430081430042E-01  1.295525826888E+01  8.982791354572E-02  2.300101267614E-01 -2.959685490341E+00 -8.500565431080E-01  1.469366389593E+00 -3.575740584322E-01
-1.103214007085E-02 -1.705364951017E+00 -8.549648642074E-01  3.432330525495E-01  1.101784575955E+00  2.491668381583E-02  8.454427569887E+00 -1.937542667115E+00  6.311721659409E+00
-7.969478883052E-01  5.037270500094E+00  1.271510930203E+01 -2.837740061646E-01  1.268267124042E+00 -1.024819988586E+00  1.902232740853E+01  3.814289508572E+00  6.509101683940E+00
 1.119954419677E+01 -1.458407294288E+01  2.745394070481E+00 -1.052165960699E+00 -9.569145917768E-01  1.690910555479E+00 -8.789964285550E+00 -3.408510466704E+00 -4.648123689921E+00
 7.570758799368E+00  2.548220548659E+00  6.418771004466E+00 -3.730426938144E-01  5.313009911925E-02 -7.090286383527E-01  4.851175876370E+00  6.942487381715E+00  9.984653128874E-01
 3.154871652064E+00  3.556742205900E+00  1.103480112937E+01 -5.041542049334E-01 -6.860403212062E-01  3.722321665906E-01  2.444094217501E+01  3.597471648753E+01 -4.100381212262E+01
 7.883211237662E+00 -8.314103934466E+00  6.448757376607E-01 -1.047344803455E+00 -8.251469328451E-01  2.005937113043E+00 -1.609217808390E-01 -2.545271839964E+00 -4.413867716888E+00
 7.845158279871E+00 -9.701569072464E-01  1.141200458967E+01  1.077953277017E+00 -8.300226790009E-01  1.967403911807E+00 -1.131015854794E+01 -2.571977151475E+00  8.568713259591E+00
 1.398036702957E+01  1.153842352313E+01  9.214598232779E+00  4.104470700811E-01 -3.111336567767E-01  4.614847174459E-01  3.921853537761E+00  2.180379046742E+00 -1.949319737793E+00
 1.134999158119E+01  1.254577547326E+01  8.721411100564E+00 -4.806175253562E-01  7.384450424051E-01  1.185872045947E+00 -1.969092901460E+01  4.774260569239E+00  9.524325364958E+00
-5.815623445930E+00  8.121846707398E+00  4.574376288413E+00 -1.306200897196E+00  4.778080264066E-01  3.728847649289E-01 -4.434270921975E+00  8.279951160309E+00 -3.652005153601E+00
-4.055918597505E+00  9.497306649183E+00  2.554003345178E+00  7.410408660314E-01  7.123464359529E-01 -2.008703525604E+00 -8.840182672485E-01  1.085726083814E+00 -2.690886017570E+00
 3.688594336968E+00  6.003854870266E+00  3.111707642618E+00 -7.445609588049E-01  6.056448563552E-01 -1.365405325328E+00  3.016024435836E+01  1.591684880339E+01 -5.858632554380E+00
 5.496834749762E+00  4.408086244185E+00  1.170997749937E+01 -1.967265174158E+00  9.605466494856E-01  2.688799928351E+00 -1.768426719235E+00 -3.166064069321E+00  2.125583438531E+00
 1.926129003946E+00 -8.814651120484E+00 -3.607117716124E-01 -1.161371994050E+00 -5.012317842664E-01 -7.286339749230E-01 -1.402786078102E+01  5.292279449382E+01  2.499331048687E+01
-3.598472741451E+00  1.031857829572E+00 -2.110369567783E+00 -2.788076430652E-01 -1.963864574917E+00 -5.453146256786E-01 -8.332292403958E+00  8.290725161765E+00  4.601331999691E+00
-3.114313840628E-01  8.673192617106E-01  3.311326146438E+00 -1.761391431726E+00  1.922443105385E+00  1.034379242946E+00  4.330524167709E+00  1.518845703339E+01 -6.626907581586E+00
-5.690725614687E+00  4.882719109510E+00  9.862581125910E+00 -9.433375499001E-01  2.278128458103E+00 -7.378975598665E-01 -3.132532110925E+01  3.979015608648E+01  5.078392250223E+01
 3.108904707504E+00 -7.522334126104E+00  4.059239881560E+00  7.022719741727E-01 -9.104214495111E-01  1.877209766202E+00  7.731016432438E+00 -8.176739836333E+00 -6.414899081768E+00
 3.762895246876E+00  2.353318321156E+00  1.495196672753E+01 -3.286931235270E-01 -1.373893869619E+00  9.035016185444E-01 -3.805682271305E-01 -2.543963629978E+00  7.066333310452E-01
 2.558925606804E+00  6.302767140625E+00 -1.929618412453E-02 -1.912490112581E+00  3.080349518477E-01  6.015191141652E-01  3.447128294761E+00  5.578613222479E+00 -3.037907618881E+01
 9.738249546011E+00  6.428771485620E+00  4.130612768478E+00 -2.074157771770E-01  1.108375382183E+00  3.588271606010E-01 -6.489370755823E-01  8.322505611123E-01  6.709699360558E+00
 8.923810703417E+00  3.399477765330E+00 -3.603900092753E+00 -1.017569917850E+00  1.693996270998E-01  1.372237264558E+00 -5.534811414987E+00 -4.567469197100E+00 -2.654543401390E+00
 3.981717971455E+00 -3.535576140381E-01  6.098524689407E+00 -2.501692989157E+00  4.600333294976E-01 -2.585441775447E-01 -7.579114172736E+00  4.873642583345E+00 -6.420960083356E+00
 2.617989594191E-01 -7.307761824977E+00  7.074209710636E+00  1.936189679235E+00 -2.640570140088E-03  8.417679100370E-01 -1.121345849396E+00  4.428319905381E+00 -1.894826990145E+00
 1.006664350029E+01 -7.505781084423E+00  1.008904588605E+01 -2.134612553533E+00  3.610218948941E-02  2.565353411522E-02  3.542402481870E+01  3.771885009203E+01  2.298914283571E+01
-5.173394764278E-01  4.362896203284E+00  1.139025910559E+01 -1.096022593457E+00  6.140992413557E-01  8.882532348353E-01 -8.499577093392E+00 -1.015210883346E+01 -3.623593482744E+01
 1.136977298052E+01 -2.697087510871E+00  2.898207141298E+00 -2.952959993955E+00 -1.236789385011E+00 -6.547384474044E-01 -2.016136797515E+00 -2.036263760627E+00  3.450622630429E+00
 3.449213679325E+00  2.264060604373E-01  4.359035898787E+00 -3.377162194708E-01  1.180329657866E+00 -7.823976052461E-01 -2.410063044410E+00 -9.162368572213E+00 -1.664398591719E+00
 4.387305125889E+00  4.129991057274E+00  1.814509657879E+01  1.497692972922E-01 -2.276445570145E+00  7.348612621752E-01  1.039455476434E+01 -1.098051888233E+00  8.486757525827E+00
-2.041721492232E+00  9.809491286539E+00 -7.432006001846E-01  2.768228958557E-01  5.112508985427E-01  3.399675114418E-01  8.523905708281E-01  1.608928250381E+00  4.795822036605E-01
-4.858927302093E+00  8.536123612237E+00  1.309139092467E+01  8.609925867240E-01  2.939150955382E-01  4.173437160873E-01 -1.854533600174E+00 -1.098158610841E+00 -5.973626961451E-01
-2.852076842388E+00 -5.083431344865E+00  1.712132305257E+01  6.560897905516E-01 -9.043756311314E-01  6.225730904231E-01 -4.914703247282E+01 -1.220897009481E+01 -1.197032899893E-03
 1.466677283957E+00  6.261415127610E+00  5.518035880237E+00  1.204498849127E-01 -6.021647552657E-01 -7.934958415152E-01  9.796935089426E+00  9.619249044238E-01  1.015468668977E+01
 6.287432649680E+00 -2.640288868300E+00  7.468020378225E+00  8.051937857292E-01 -8.986575232017E-01  7.981673683607E-01  3.206043931674E+00 -2.948065195636E+00  3.917309355243E-01
 6.593735893688E+00  1.920881168680E+00  6.989587573959E+00 -6.632630455027E-01 -3.703429140669E-01  1.715019869277E-02 -2.672448229812E+00  7.486835758743E+00 -2.557798073486E+00
-1.037470081745E+00  6.667263893449E+00  3.379240380663E+00  3.422677620016E-01  6.971954073696E-01 -9.757243456769E-01 -7.745405916895E+00 -1.581007506412E+01  9.073005392740E+00
 1.835337909234E+00  7.107943968954E+00  7.874649623770E+00  5.190394917114E-02 -1.002652403862E+00  6.586246648646E-01  1.592025012223E+00  2.746154187700E+00  5.496046524617E-01
 3.499657862537E+00 -1.901581024186E+00  6.935853673126E+00  1.883736292268E-02  4.770045448326E-02  8.964779553963E-01 -6.677229711771E+00  1.370074312442E+01 -7.970364801486E+00
 7.903091890977E+00  1.137973384483E+01  6.261635737450E+00  1.090667946644E+00 -6.732438389475E-01  1.869015834265E-01  6.846004494119E-01  6.018212409550E+00  3.791839402888E+00
-2.217672320871E+00  3.883161982841E+00  3.106128261509E-01 -2.218286651006E-01  9.574451581826E-01 -3.698781564369E-01  1.302693720323E+01 -1.282119614722E+01 -9.714174214253E+00
 4.218955679371E+00 -8.165201775008E+00  4.068555571374E+00 -1.258791965291E+00 -3.775305607907E-01 -1.849732357003E+00 -6.115940714484E+00 -3.530103680771E+00  2.287399705370E+00
-1.354392677502E+00  1.042171787392E+01  1.317271443116E+01 -1.583231824443E+00  1.601141918104E+00 -1.888141762257E+00 -3.871886003285E+01  2.626536504812E+01 -2.448971885607E+01
 6.117311881782E+00  1.057693739979E+01  1.435141265729E+01  9.934419362740E-01  6.151161283539E-01  1.109043408459E+00 -1.883555338391E+00  2.429377096485E+00  9.777436013536E+00
 2.269460888489E+00  2.264507796834E+00  8.400288090494E+00 -2.096754269600E-01 -1.841574264252E+00  5.944898720712E-01  1.941347274918E+01 -6.468260117454E+00 -5.395829451248E+00
 2.622019274728E+00  2.837292311090E+00  1.136897727612E+01 -4.743085702927E-01  1.361123907242E+00 -1.507495608164E+00 -5.355952009772E+01 -2.673210482689E+01  1.202137167763E+01
 3.359443702349E+00  6.959340006473E+00  1.713678681150E-01  1.178861382884E+00  4.235757780576E-01 -1.556702410787E+00 -2.705286474491E+00  3.617786965200E+01 -3.806125687550E+01
 7.769382233582E+00  1.001716863986E+01 -2.905711833166E+00 -1.502969802029E-01  4.225292756584E-01  5.393718333848E-02 -2.220753467153E+01  1.557070993433E+01 -1.783127044146E+01
 1.500496265200E+01  2.690481325954E+00  7.055384100314E+00  5.183141465031E-01 -5.527409757627E-01 -1.549161811426E+00  1.079036294132E+01  7.877365470604E+00 -3.941997534639E+00
 4.839740614950E+00  1.906496111698E+00  7.732976725077E+00  2.116066879021E-01 -1.212274016605E-01 -3.543082032303E-01 -1.919004427451E+00 -7.466650104755E+00  6.713694909464E+00
-1.719625743998E-01  6.941888078810E+00 -1.401416200987E+00 -8.783170303231E-01  4.924788835467E-02 -2.091229657348E+00  4.924381321250E+00 -1.089089642529E+00  6.311561132321E+00
-1.059764844858E-01  1.045040846004E+01  6.308593681038E+00 -1.913799246189E+00 -1.223034384671E+00  5.783866957300E-01 -3.441785697002E+00 -4.367673804910E+00  2.905304577850E-01
 1.155374339018E+01  8.513063496668E+00  1.145657634464E+01  3.468336107408E-01  2.168314273089E+00 -5.912703080221E-01  3.955953610085E+00 -2.515910325838E+00 -3.096620133102E+00
 8.294108953278E+00 -3.631534361392E+00  1.027732183332E+01  5.489881420259E-01  2.383380408154E+00  8.435663067100E-01  2.206044037163E+01 -1.268118954059E+01 -1.099564292189E+01
 5.592002610292E+00  3.090508736789E+00  5.507019364817E+00  8.429883791375E-01  1.621903461182E-01 -5.652185926701E-01  3.260731168957E+00  2.073380535462E+00  4.412667389819E+00
 6.802416008812E+00  4.482914008830E+00  4.927112115740E+00 -1.463856608042E-01 -1.182295559295E+00  1.636275860228E+00 -2.912890789049E+01  2.033518668407E+01 -1.394514732948E+01
-4.306715401759E+00  1.214846805987E+01  6.273713977854E+00  4.117665514054E-01  9.830255386827E-02  1.658357842267E-01  7.230413304747E+00  6.890356992468E+00  6.342419295821E+00
 2.225264799635E+00  8.373549374866E+00  1.221952874811E+01 -6.064276778315E-01  1.071993372797E+00  9.638794272216E-01 -5.965490832191E+00  6.411548138540E+00  1.334373275006E+01
-1.315284849258E+00  1.053109740703E+01  1.002872661811E+01  7.581203060228E-01  1.069229810223E+00 -5.856333547981E-01 -3.035611058250E+00 -2.912296787651E+00  1.930252860038E+00
 5.739554562353E+00  1.573896524265E+01  1.418315581184E+01  1.875951116588E+00  7.757768177865E-01  1.275834072202E+00 -3.093386029396E+00 -1.661207866004E+00 -3.005490519277E-01
 2.526937318078E+00  9.930360920640E+00  2.446171779321E+00 -1.171527294296E+00 -4.903263344084E-01 -1.321364469573E-01 -2.706500025132E+00 -1.627883873036E+01  1.962067831084E+00
 5.781167134963E+00  9.445810534465E+00  2.124612539749E+01  1.787874466394E+00 -1.266590760653E+00 -1.731180221097E-01 -2.908786542823E+01  7.740942378858E+00 -8.910460202842E+00
 2.093630883032E+00  5.372805098183E+00  1.966460803133E+01  1.157343867686E+00 -9.551678683076E-01 -1.579623552737E+00  5.949137009644E-01  8.403964069191E+00  4.443456015016E+00
 7.441076737554E+00  7.940506886485E+00 -2.071800713143E+00 -8.041766774347E-01  5.857828917193E-01  1.716214237561E-01 -1.893880048562E+01  1.124442497774E+01  2.126837228021E+01
 2.719238178967E+00  7.260742363988E+00  5.688725264014E+00  2.384269841592E-01  2.387777207431E-01 -2.243642833016E-01 -1.645353556437E+00 -1.553881007368E+00  2.760569885699E+00
 7.207291756461E-01  1.049752085666E+01  9.459185132505E+00 -2.535246365054E+00 -5.675012648942E-01 -2.438746108542E+00  8.765556813230E+00 -9.198394563095E+00 -1.340069538792E+00
 8.151100375668E+00  7.541909197491E+00  1.185948809004E+00  8.159713132843E-01  1.428935219759E+00 -3.049251675848E-01  5.398464738746E+00  3.741039277643E+00  4.475130890681E+00
 1.278838300280E+01  2.602836150497E+00  1.012160955581E+01  4.486853672187E-01 -8.914680761173E-01  2.098247658532E+00  3.674673262971E+01 -4.200552739316E+01  1.085992074098E+01
 4.017225342290E+00  1.333629334629E+01  1.019333234892E+01 -5.822870600235E-01 -2.385223658073E-02  5.810320665971E-03 -1.976276069703E+00 -1.082383512295E+00 -1.144530169739E+00
 6.839432605500E+00  1.198855040574E+01  8.104724766531E+00  6.804865114856E-01  5.219498936276E-01 -2.502245021689E+00 -1.333454258868E+01 -1.128353844108E+01 -1.059840399117E+01
-9.552768395267E+00  9.678000498152E+00  1.031943079958E+01 -4.217679745738E-01 -2.977359075566E-01 -2.262822052420E+00 -2.412780695370E+01  8.624547893799E+00  5.888656030354E+00
 8.818584562966E-03  6.438052160244E+00  3.008721150887E+00 -1.230262678804E+00 -2.157793148446E+00  1.145136866553E+00 -2.961704234788E+01  5.470573386641E+01 -5.642957278154E+01
-8.296594628884E+00  4.160929921769E+00  6.202255609431E+00  6.558794056003E-01  5.969378573833E-01  6.206438042699E-01  6.776328292330E-01  8.042231274687E-01  1.151146158182E-01
 2.158398377214E+00  1.303703157768E+01  5.496145461048E+00 -1.310914272890E-01  1.563763931488E-01 -8.716464470834E-01 -1.761093452551E+01  1.317486199487E+01  3.724986852093E+01
-2.694598559274E+00  4.311169709543E+00  3.969732539209E+00  6.130567912808E-01  3.422087589566E-01  7.371467065881E-01  4.848240170738E+00  3.186792141144E-01 -2.075291025378E+00
 7.430438970003E+00  1.042473880402E+01 -3.940116040095E+00 -7.356168666505E-01  2.506831504222E-02  6.012546539394E-01 -5.925571201552E-01 -4.553906625604E+00  1.107480466964E+00
 7.219768070690E+00  1.547427432402E+01  3.093546840708E+00 -1.288696311012E+00  1.755479454918E+00 -6.657261631351E-02  2.475740685054E+00 -1.347199891839E-01 -5.643869535772E-01
 9.833973370886E-02  3.751833240172E+00  6.604299711003E+00  2.496567347707E-01 -1.789724666701E+00  5.425650546154E-01 -4.991182882622E-01 -1.284989583634E+00 -1.942805065657E+00
 3.209336707433E+00  5.707071032488E+00  5.236717956050E+00  3.068439598335E-01  3.880517742020E-01 -1.509710904466E+00  1.375443982704E-01 -8.129063632322E-02  9.829822007607E-01
 4.394531957796E+00  5.185223404849E+00  7.160662514678E+00 -6.150281824773E-01 -7.819046758423E-01  1.046187962014E+00  1.510369740304E+00 -1.495911385732E+01  2.352625126336E+00
-6.428962242694E+00  8.293148108898E+00  3.633305085531E+00  6.544882434866E-01 -5.144820759084E-01  4.738683566097E-01 -2.159795784397E+01 -1.730912534669E+01  1.052398823665E+00
 1.215466740542E+01  1.411083766554E+01  5.146655747035E+00 -1.871526917422E+00 -2.506457922870E+00 -6.144712531169E-01 -2.514770114565E+00 -2.742751515421E+00 -9.940693400438E-01
-6.979054142773E-01  5.892821345789E+00  5.127942263655E+00  1.975454435912E+00  9.327283156897E-01  2.648237243553E-01  1.245285086240E+01 -2.968809722280E+00 -2.436076489658E+00
 2.052840285629E+01  1.471044909007E+01  1.135032623973E+00  3.993898888316E-01  1.228004786817E+00 -7.693173956684E-01 -7.360241087407E+00  1.027501965774E+01  2.866364138272E+00
 4.670252475300E+00  1.068791077464E+01  9.592447480627E+00 -5.617510505932E-01 -1.327801464217E+00 -4.251665089110E-01 -1.575755115363E+01  2.882538409768E+00 -4.479902549122E+00
 8.866578981971E+00  1.427719179162E+01  4.839662774052E+00 -3.361195713768E-01  4.527528295309E-01  1.611156744720E+00 -2.610929416430E+01  5.532742267322E+00 -1.478725131428E+00
 8.888250640654E+00  5.227160367878E+00  6.477530589278E-01  1.677401830173E+00  1.882686361370E+00 -1.542540870536E+00  1.017599309353E+00 -1.030900460512E+00 -7.496255785516E+00
 1.798090619545E+01  1.591950633196E+01  1.770659580727E+01  1.979334108017E+00 -1.467357650726E+00  4.364873051110E-01  1.194877569381E+01  1.250946208153E+01  2.285941603151E+01
 8.536686003992E+00  1.495357528291E+01  4.004347819860E+00 -6.310878178103E-01 -1.011790179207E+00  4.826206746129E-01 -3.069236370016E+01  3.203481744504E+01  2.217184700403E+01
 1.892372390606E+01  1.114036774361E+01  1.410986488429E+01 -8.535688824213E-01 -1.114239415869E+00 -1.344230018370E+00 -1.672772786054E+00 -3.548356345498E+00  5.807779866006E-01
 5.185004949813E+00  4.721970788988E-01  7.794472979823E+00  3.285274951101E-01  1.795832389074E+00 -1.228174107144E-02  1.860971467309E+00 -2.140469515458E+00  3.915045908961E+00
 7.855837000813E-01 -2.757801062358E+00  9.268999248038E+00 -1.211070428635E+00 -3.757007858220E-02 -1.068282577722E+00  1.669267750071E+00  8.807258693331E-01 -2.651918792302E+00
 7.289724461160E+00 -1.094867969540E+01  6.581984380549E+00  8.244182797926E-02 -6.068502400621E-01 -2.122440723824E-01  6.456388434193E+00 -2.838434404130E-01 -4.885545496125E+00
 2.281110221561E+00 -3.590866698672E+00  1.433958943691E+01 -1.572141768844E+00  4.645507338001E-01  5.249720883937E-03 -9.710857239590E-01 -1.539920133814E+00 -6.198747491045E-01
 3.077712600217E+00 -3.428152451557E+00  7.098161326418E+00  6.900689211307E-01 -1.253092111137E+00 -2.005277261157E-01 -9.644472610191E-01 -1.853174321116E+00  1.491414308011E+00
-4.323566643981E-01  6.143255074180E+00  1.032721836875E+01 -1.125488885310E+00  1.401259932511E-01  9.830871009431E-01 -4.134403497433E+00 -9.109805175754E-02 -1.406366666022E+00
 2.450941555471E+00 -4.996823242901E-01  7.938178680784E+00  4.975544143751E-01  9.327293629381E-01  3.352493503125E-01 -4.296683181725E-01  6.077509777683E-02 -1.709665616005E+00
-9.749281964734E-02  6.445628940729E-01  1.750104965593E+01  1.170153402432E+00  2.062585297256E+00 -9.704636584294E-02 -2.569767502654E+00 -6.741466777056E-02 -5.930327865657E-01
 6.412839081492E-01  8.193846868027E-01  1.547542299972E+01 -7.926505445057E-01 -1.834998642324E-01  1.967064113981E+00  3.945617782836E+00 -5.631668348867E-01 -4.861761445871E-02
-6.592957584529E+00 -3.870146321891E+00  4.175133006277E+00 -8.157464202373E-01  4.129905055110E-01 -9.502962169364E-02 -2.253418371461E+00  5.921429103551E-01  3.387847750015E+00
 1.094726735197E+01  4.901865561325E+00  4.476650856312E+00  1.163019828455E-01 -1.999490701065E+00 -1.179088336673E+00  1.087095116598E+01 -1.239835301082E+01 -1.884308434886E+00
 4.655647224369E+00 -1.380004796624E+00  6.107703285759E+00 -1.788222959592E-01  3.434977030793E-01  2.917055837411E-01  2.120323168868E-01  5.418019801043E-01 -1.418922110677E+00
 6.429421945139E+00  4.905457816481E+00 -1.898327621635E+00  4.326164618525E-01 -5.438776241690E-01 -3.555861572745E-02 -9.841590128819E+00 -2.030361062707E+00 -3.335552550091E+00
 7.450592037349E+00 -4.072513006664E+00  1.686782173452E+01 -2.641059381610E+00 -1.270057005401E+00  3.124236121531E+00 -4.217435683951E+00 -8.150659328003E+00 -1.693385589555E+01
 4.327354247619E-01  3.250053841604E-01  1.446310555074E+01 -7.663357489486E-01 -1.272688099814E+00  1.248298038144E+00  1.494769661056E+00 -2.392795222858E+00  5.950923197173E-01
 2.223114437976E+00  1.192892968700E+01  1.476161537354E+01 -7.679829800983E-01 -3.092767567776E+00  2.309131191696E-01  1.212455701547E+00  1.938283477938E+00 -2.116784696130E+00
 1.256159686177E+01  3.794208629664E-01  1.100584945621E+01 -4.534738297572E-01 -3.397877814425E-02  2.492103267197E+00 -2.683177474568E+00 -3.482667750698E+00 -8.090210505157E-02
 1.155494532652E+01 -3.932159046602E+00  8.144075334611E+00 -7.824892183799E-01  2.330617693200E-01  5.536844725361E-01  4.174121896386E+00  1.054220381538E+01 -6.816621288363E+00
 5.042579727167E+00  1.201509763029E+00  3.778880318167E+00  2.687785642164E+00  1.707881135904E-01  2.363780697377E+00 -6.298759979277E-01 -4.785869956002E+00 -8.841008681436E-01
 5.372171677009E+00  1.117102109943E+01  5.988838070124E+00 -3.250142896537E-01  8.887205918624E-02 -4.870181143126E-01 -2.578337192189E+00 -5.230965581821E+00 -1.956157048363E+01
 7.832123025775E+00  8.204703643082E+00  1.909536262239E+01  2.982831166624E-01  1.059856838896E+00 -8.904813993549E-01 -1.023315156407E+01 -6.814573950053E+00  2.293545022611E+00
-1.390324393823E+00 -3.889019801225E-02  7.655438081878E+00  1.449528943472E+00 -6.319660571953E-01 -9.122063184620E-01  2.493704202059E+01  1.846666898976E+01  1.934384148538E+01
 7.731906116853E+00  3.987095933003E+00  1.682684011047E+01  1.031165270354E+00  1.285074604670E+00 -7.936163947768E-01  9.147698092458E-01  6.680108101231E-02 -1.320048760350E+00
-8.103863305932E+00  4.061909505603E+00  1.062608208000E+01 -6.408869552906E-01  1.411984472319E+00 -1.166223541725E-01  2.179916221812E-01  1.281074301637E+01  7.286740911509E+00
-6.627907188836E+00 -1.232422610238E+00 -1.770252075907E+00 -1.570643853205E+00  9.612917906981E-01 -1.901556126224E+00  1.735243475729E+00 -1.708053963972E+00 -2.559802476957E+00
 1.478770838914E+00 -4.725744966573E+00  8.795114334787E+00  3.536945098293E-01 -9.296636723665E-01  1.064346786223E+00 -4.854735784354E+00 -9.796542675451E+00  4.947787976840E+00
 1.142222746705E+01 -1.499030054570E+00  2.699243092985E-01  3.080942060536E-01 -2.164276352072E-01 -1.599678723244E-01  4.088119726900E+01 -2.789704283081E+01 -1.437612689547E+01
 3.741960989000E+00  5.129465385645E+00  1.098968666349E+01 -7.237594779059E-01 -1.456494829902E-01 -2.220198609797E-01 -1.027179539244E+00  2.797359249275E+00 -4.189429877667E+00
-1.520237779084E+00  5.609755262047E+00  1.625295118697E+01 -1.514954744222E+00  1.872464755286E-01  8.050283120871E-01  5.361166850284E+00  7.720453662899E+00 -1.265010397944E+01
 1.293711935782E+00 -5.441079200078E-01  5.010076247012E+00  9.404384553115E-01 -8.036243328749E-01 -2.680653850034E-01  6.476335512483E+00  1.269221673949E+01 -1.724855679027E+01
 9.610415515603E+00  5.927638360671E-01  5.184661084968E+00 -7.431646443073E-02 -1.261080829861E+00  6.553967900971E-01  5.270285176398E+00  2.997179434271E-02  2.104312009972E-02
 4.788762878332E-01  8.111696501361E+00  2.017446310171E+01  1.494769201847E+00  1.798233182554E+00 -1.025418060898E+00 -8.863377667134E+00 -6.523302966600E+00 -4.035241217641E+00
 7.970415615322E+00 -4.970304987304E+00  1.495418901254E+01 -5.659786077286E-01  8.064167930404E-01  8.605702651591E-01 -8.499208026358E-01 -3.143004679771E+00  1.638808118758E-01
 1.254811404133E+01 -9.749197942137E+00  5.809138542442E+00  1.943804458084E+00  1.300491680701E+00  1.384828442742E+00  6.996514886220E+00  6.173339797683E+00 -4.407280039240E+00
 2.536950895174E+00  6.108384888663E+00  1.614198247908E+01 -3.875892897733E-01  9.690888453757E-02 -6.427876556793E-01  6.879351078272E-01  4.253588626192E-01 -2.764989075940E+00
 7.582779642082E+00 -6.758183650527E+00  7.726261935382E+00 -1.607167837593E-01 -2.650224765580E-01 -2.300406294358E+00  4.016738204391E+01 -6.451405425579E+00  1.215245969157E+01
 6.909022599621E+00  2.164573453759E+00 -4.291759100572E+00  1.191573525373E+00  5.572708631017E-01 -9.183613674579E-01  8.557108140255E+00 -5.375687430097E+01 -1.813176266386E+01
 8.029454789721E+00 -3.085893361179E+00  7.032678793547E+00  2.055111361289E+00  9.315490876708E-01 -1.016749468064E-01 -2.923211476139E+00  1.496552755632E+00  7.110075541098E-01
 3.543388641361E+00  5.824204865447E+00  8.243711989882E+00 -1.205163919134E+00 -1.263941115026E+00 -1.248266400336E-01  1.736620174428E+00 -1.737273356807E+00  1.601970392750E+00
 3.902053274185E-01  1.446420014973E+01  3.257432685946E+00  1.908148531017E+00 -1.724204431182E-01  5.165611803404E-02 -9.121669422036E+00  1.457610969027E+01 -2.230824619354E+00
-3.477018590853E+00  6.309642682536E+00  1.058168505280E+01  3.174270471962E-02  1.390733803652E+00 -1.204124684767E+00  1.511171718041E+01 -4.987912723977E+00 -7.268794708432E+00
-4.769371352234E+00  9.657001153117E+00  6.402450847533E+00 -5.545755973971E-01  1.759163895445E+00  6.797760652914E-01 -3.786468715143E+01 -2.561440106535E+01  1.747535763257E+01
 4.698322205218E+00  5.175152236119E+00  8.464643889060E+00  7.336938283448E-01 -8.542540418854E-01 -1.124316832782E-01 -1.176179403984E+00 -6.191181430776E-01  3.067122963764E-01
-1.246813216449E+00  2.384527166307E+00  1.600866687209E+01  5.705224130089E-01  1.236549239149E+00 -2.387462732422E+00 -1.849773430531E+00 -5.581827134265E-01 -4.744326055599E-01
 2.341794247176E-01  1.250284046293E+01 -9.107261738380E-01 -1.113312690816E+00 -5.993058765747E-01  2.074946414517E+00  8.304432421548E+00 -2.121939383408E+00 -1.197469948930E+01
 9.506938652083E+00  9.657840957156E+00  7.190913800803E+00 -2.883040101500E-01 -1.157958361082E+00 -2.394438439711E-01  8.354623035284E+00  5.096769388178E+00  3.392298696812E+00
 3.736560478766E+00  3.237154691406E+00  7.832287600343E+00 -8.675614341265E-03  1.431574937850E+00  1.486553496486E-01  1.274676681110E+01 -2.987146101969E+00 -2.001842150098E-01
 2.572420691283E+00  1.095491233107E+01  1.252401128959E+01 -7.362970797733E-01  1.660202253748E+00  1.215886821811E+00 -1.474970646789E+01  8.660498260419E+00  1.049945794525E+01
 2.182777432523E+00  3.327616820354E+00  9.979037300808E+00  1.209878232987E+00  4.878817125884E-01 -1.615437710044E+00 -2.986939462173E+01  2.860374120126E+01 -1.709573690940E+01
 3.101883608956E+00  8.283894803948E+00  1.042756145186E+01 -9.444811991919E-01  7.900452615546E-01 -2.408336693933E+00  1.597017568097E+00 -9.075431714284E-01  1.808424734605E+00
 1.393698326189E+00  2.044916276598E-01  7.753712487464E+00  6.675643631574E-01 -1.081233464819E+00  6.166940787559E-01  2.709965658046E+01  1.293806047472E+01  9.960741590509E+00
 7.392973646864E-01  7.591427673200E+00  1.161566389268E+00  1.947909555585E+00  5.520664927338E-01  9.824480488606E-02 -2.452338032304E+01  6.806204311008E+00  3.827649335904E+00
 7.036229798456E+00  3.505079503526E+00  1.007661210907E+00 -8.676922665649E-01  2.466256370001E+00  1.503997128344E+00 -1.992100862890E+00  3.416407544108E+00  8.051346028384E+00
 1.072560508687E+01  6.641390349455E+00  1.371418788084E+01 -6.246070971030E-01  7.177058560845E-01 -1.190476547473E+00  7.265377191682E+00 -1.599258500665E+00  1.447763665367E+01
 3.433763362454E+00  1.230202739494E+00  1.206807926932E+01 -2.138947827434E+00  6.549991331566E-01 -1.354681689957E+00  1.465519563236E+01  3.261919223724E+01 -1.233816931241E+01
 2.140815673642E+00  1.434102898806E+00  6.613102131808E+00 -1.261701378855E+00  4.387266542527E-01  1.856373129685E+00  4.127125073869E+00  2.757503486380E+00  9.658142695189E+00
 1.070718440267E+00  6.997250625623E+00  1.475632940102E+01 -2.199826995162E+00 -5.658404576727E-01  6.423462782120E-01 -2.565627818081E-01  7.337370323294E+00 -1.124283270947E+00
 3.437887817430E+00  2.328545623867E+00  1.161220756555E+01  1.975590688158E+00 -1.066255413134E+00  5.848597787635E-01  2.496430626856E+01 -1.334703421632E+01  1.007421148733E+01
 1.093404148449E+01 -2.915826456341E+00  6.041805207920E+00  6.298835881622E-01 -9.952004995253E-01 -8.595717904046E-01 -7.722504365848E-01  5.078324613607E+00 -4.478769718824E+00
 2.848324886970E+00  2.317992828821E+00  5.761201591204E+00  1.293083757293E-01 -1.719732889114E+00  1.952439298085E+00  6.818709571719E+00 -1.063403336504E+01  2.366269957389E-01
-5.300654079022E+00  7.672549774646E+00  1.376359650085E+01  1.314846588111E+00  1.369900545437E+00 -4.442973800143E-01  2.069555750537E+00 -1.616834606341E+00 -6.638596670842E+00
 1.356504423263E+01  7.309212844284E+00  1.405326184915E+01 -7.819729012617E-01 -4.671767718179E-01 -1.710728308344E-01  6.311811806271E+00 -5.751815567782E+00  1.078256055930E+00
 5.220346342220E+00  6.989731560091E+00  9.942056431390E+00 -1.483429359658E+00  6.149645521370E-01  8.466888605770E-01 -3.098412353868E-01 -1.779468699930E+00 -4.511310112632E+00
-4.570891656654E+00  4.427471391670E+00  1.044743844845E+01  1.231741016063E-01 -1.819570519211E+00 -3.978713849570E-01 -4.724586657203E-01 -1.053239674939E+00  2.772132066852E+00
-5.846373079750E+00  1.615339931689E+01  7.371382298560E+00  1.657686264033E+00 -1.101667525708E+00 -1.816797976661E+00 -3.228020739786E+00  1.651737161748E+01  4.528504034566E-02
-6.848531335220E-02  9.474419784443E+00  5.566759154231E+00  2.997495124426E-01  2.867078836717E-01  1.860046047328E+00  2.822646411214E+01  4.958808438481E+00  8.849427147229E+00
 2.051458074620E+00  1.032359422172E+01  1.925692059687E+01 -3.979868057348E-01  7.013156532242E-01 -1.148526071321E+00  5.370391757363E+00 -5.234614176191E+01 -2.158453136296E+01
-9.663847627982E-01 -1.550949550798E-01  5.785212166903E+00 -9.896565437631E-02  4.388219482703E-01 -9.329110385057E-02 -4.443951881889E+00  3.449028970992E+01 -3.244047321147E+01
 2.531314375405E+00 -1.578981175497E+00  4.652644807854E+00  5.564333646744E-01 -1.113830673205E+00  3.524926185231E-01  2.158699879195E-01  3.844645403730E+00 -3.069633063161E+00
-2.761749805508E+00  7.744982582948E+00  6.971526096961E+00  1.937148389957E-01 -2.119291625561E-01 -2.673945439043E+00 -3.821089076550E+00 -4.800391915398E+00 -1.479813736846E+01
 8.098093509671E+00  1.313427351708E+01  1.273264097846E+01 -6.018106810507E-01 -1.841627321309E+00  8.586078221965E-01 -9.687417423739E-01  1.075764413802E+00 -1.383651982452E+00
-1.307869224036E+00  1.611057524266E+01  1.977242580056E+00 -9.516193333361E-01  2.152835204664E-01 -3.644455545353E-02 -2.260743697911E+01 -5.527395683827E+01 -7.107897259768E+00
 1.177195703997E+01  5.440095019441E+00  6.709717280481E+00  1.687380232137E+00  2.018664404271E+00  4.440826883872E-01  1.145279407168E+00 -1.077624304064E+00 -1.833418313930E+00
-1.209840065301E+00 -9.328161977790E+00  6.871705757823E+00  1.334233311345E+00  4.569018170155E-01  1.479448602644E+00  1.413761839390E+00 -1.399005267653E+00 -5.050737314349E+00
 4.099486790348E+00 -4.436550261071E+00  6.202327252682E+00  2.129740823755E+00  8.761998698397E-01 -2.000100460290E-01 -1.923113376458E+00  4.055390784821E+00 -7.714927873585E+00
 6.763340428255E+00  2.899719812072E+00  4.238913907141E+00  2.344341503159E+00 -1.827873721705E+00  1.019960962409E+00  2.647034071255E+00  1.126586833718E+00  5.149107236959E+00
 1.336532869741E+00  9.030975922873E+00  7.801228299515E+00 -2.365290466553E+00  9.524137456548E-01 -1.461128816366E+00  3.825544657785E+00  1.603977422533E-01  2.046643798020E+00
 4.214493272252E+00  7.703246699283E+00  9.524932186062E+00  1.101561356770E-01 -5.318513185114E-01  4.300530297785E-01 -5.363432941570E+00 -4.940685541914E+00  1.911998037576E+00
 2.215478824396E+00  6.120792273497E+00  8.848493417437E-01 -1.149908495544E+00  7.945982400305E-01 -1.232500438552E+00 -1.832925150282E+01 -8.466352124386E+00  2.810724448576E+01
 4.488539582217E+00  9.736718783041E+00  1.011502611080E+01 -8.266223793155E-01  2.005947649705E+00 -5.729845941901E-01  1.000564351458E+01  2.067361201954E+01  2.074709987088E+01
-3.536037490773E+00  1.281444310793E+01  1.212929076086E+01 -2.323260047991E-01  1.773628818273E+00 -1.660503872417E+00  4.056826191737E+01 -8.102844888871E-02  4.950484316311E+00
 4.520060906680E+00  9.643197201964E+00  1.171600178885E+01  9.543955462347E-01 -2.877012621107E-01 -2.136077608400E-03 -1.116065595091E+00 -4.894138992189E+00 -3.257688731013E+00
 5.506731328345E-02  8.890286923363E+00  6.673702536589E+00  9.373426407390E-01  7.865218084432E-01  1.507096010908E+00  3.836848833285E-01  6.855887687387E-03 -3.886503191871E+00
-8.147423391210E+00  1.548121475487E+01  1.411673348699E+01  8.020480286327E-01 -2.483596530286E-01  8.401740736116E-01 -5.804867393128E+00 -5.985421822811E+00 -5.610657765167E-02
-4.765758090454E+00  7.401641677365E+00  5.979403696761E+00 -1.280089227668E+00  4.327299952417E-01 -2.519678921122E-01  9.611469098610E+00  1.344701235289E+01  7.649654028541E+00
 5.509681856918E-01  1.599583295169E+01  8.617295131750E+00 -2.055083180113E-01 -1.438824032305E+00  2.082066433061E+00  1.341017171440E+00  2.011034909856E+00  2.614502282497E+00
 2.555707285290E-01 -1.269464423274E+00  1.390490311351E+01 -1.486620046167E+00 -8.737542485879E-01 -3.183432065977E-01 -3.629455719533E+00 -3.624399093009E-01 -3.201023337499E+00
 8.969157923571E+00  1.295238935183E+01  1.498517761714E+01  1.858837310235E+00  1.264689068811E-01 -1.207299884801E+00  1.229937041492E+01  6.459596244168E-01 -4.396944991757E-01
-3.298128488548E+00  5.247850366722E+00  1.399634218201E+01 -2.153524148233E+00  1.824501454511E-01  1.665070309479E-01  1.987305710471E+00  7.699090616183E-01  9.941419152010E+00
 3.110349526252E+00  1.189779909943E+01  2.928594140093E+00  9.525403434907E-01 -7.288598587978E-01  9.108776050292E-01  3.430647230897E-01 -1.871026178864E+00  2.415544318818E+00
 5.812325512518E+00  1.036856625128E+01  1.184901176949E+01 -4.755586582314E-01 -1.979068416742E+00 -6.680218485789E-01 -1.459896245478E+00  2.993789083606E+00  3.902212733391E+00
-3.551988123448E+00  9.339315863589E+00  8.629555281241E+00  1.913644469624E+00 -1.076513139894E+00  1.447892323965E+00 -1.633905594496E+01 -1.585353869494E+01 -9.816860463922E+00
 3.411647624825E+00  1.326412703602E+01  8.885531726979E+00 -2.169365835786E-01  2.335247221303E+00 -4.656388940640E-01  2.322114492529E+00  6.661012484333E-01  9.101101731648E-01
 1.817437622060E+01  1.460979375323E+01  9.487078753434E+00  1.631092364295E+00 -1.676813804595E+00 -1.731295004264E+00 -2.866127504766E+00  1.445782305088E+00  5.739688647562E-01
 1.100193176665E+01  1.014610935044E+01  1.833441470274E+00 -8.063185728047E-02  1.382846093911E+00 -7.338258375980E-01 -2.147259783380E+01  2.881068986813E+01  3.541965381203E+01
 1.025069395905E+01  2.332882117194E+00  5.983082765046E+00 -1.312964598908E+00  1.554216052995E+00  1.963861049771E+00  4.220332352632E+00  4.529240181524E+00  3.863056938681E+00
 5.196734253288E+00  1.480635206200E+01  9.463531909573E+00 -1.388977367263E+00  5.254780945816E-01 -1.171800613230E+00  3.309533376502E+01 -8.538684828157E-01 -2.112959260565E+01
 1.397631950849E+01  1.251516822561E+01  1.690052279175E+01 -1.201493280414E-01 -1.542319169741E+00  2.862077926693E+00 -8.357675484737E+00  1.309797849524E-01 -3.073436060203E-02
 8.711269798214E+00  8.667232571931E+00 -4.451272492347E+00  1.452641578673E+00  1.225824609630E+00  1.279013405007E-01  6.337538794418E+00  4.791461223556E+00 -9.031252858946E-02
 1.458153923452E+01  2.013045613078E+00  2.183151825850E+01  1.316996494720E+00  1.395252570599E+00  1.648080095965E+00 -1.882260623946E+01 -1.248167379043E+00  8.395260267377E+00
