 6.619897778103E+00  2.976700615795E-01 -3.870646854138E+00  1.045241641981E+00  1.821084334350E+00 -5.954225316921E-01  6.353524269277E+00 -3.893445867377E+01 -1.464611373083E+01
-7.488773814481E+00  1.179402133296E+01  1.324725627021E+01  6.205015450735E-01  1.653975954735E+00  1.751595752230E-01 -1.989944477183E-01  3.909839678918E+00 -3.098797771675E+00
-4.552885002064E+00  6.566123332245E+00  7.257509453937E+00 -1.837213828958E+00 -8.256757175800E-02  1.005616029939E+00  5.112211179949E+00 -1.010279025465E+01 -1.000444287724E+01
-4.817729196703E+00  4.629004476617E-01 -9.673488219891E+00 -8.689834200553E-02 -4.814136733178E-01 -6.101460580892E-02  8.846255838730E-01  3.765270165938E+00  3.548179940219E+00
 8.629396769778E-01 -1.437345868888E+01 -1.212381732795E+01  7.318038539002E-01 -2.929134770639E+00 -1.210855600058E+00  3.853149623792E+00 -7.449634586720E+00  1.319650425252E+01
-1.118276249719E+01  8.095558922602E+00  1.321617150858E+01  3.654985914403E-01  1.328252633829E+00  1.708738170221E+00  1.916019264322E+00  1.185730416149E+01 -1.200282184910E+01
 3.886819763401E+00 -1.102433756131E+00 -2.238333261169E-01  1.334496895740E+00 -3.613901186562E-01  1.054961341135E+00  1.864420359365E+00 -4.438423332862E-01  2.493523299368E-01
-1.819521780107E+00  8.828827668827E+00 -4.532669654759E+00 -1.629752700707E+00  4.718280863817E-01 -8.507463410442E-01  5.629695754189E-01  3.334679678792E+00  1.049390224845E+00
-7.204043198387E+00  1.138749385239E+01 -5.799202643332E+00  4.198648332838E-01 -1.111133511001E-01 -1.946864397477E+00  1.064621936729E+01  3.158330479330E+01 -7.397317562289E+00
 3.912137171505E+00  8.280580765796E+00  3.913759209629E+00  1.038437034916E+00  1.382808131548E+00  1.228266247733E+00 -1.665779365358E+01  2.335624190417E+01 -8.338724669167E+00
-9.414015501773E+00 -5.823488790377E+00  1.695288226105E+00 -2.347539445725E+00  3.706831119696E-01  6.771159531842E-02  7.288192858962E+00 -1.024197863860E+01  6.996910402321E+00
 1.375155737003E+01 -1.428849992250E+01 -1.118267646070E+01  7.614854607171E-01  5.648580819553E-01  2.131537257383E-01  8.923260211798E+00 -5.829388635770E+00  1.478878912744E+01
 1.811252131150E+01  1.373213353025E+01 -2.290970626082E+01 -5.851179688631E-01 -2.092939590189E+00  6.086156176755E-02  1.637928812479E+01  1.053000982594E+01  2.365512829589E+00
 1.163696644159E+01  1.275782534015E+01 -2.090368771020E+00 -6.056438088003E-01 -5.215770493046E-01 -7.107525330792E-01 -1.135230102894E+00 -3.248489571635E+00  2.567443043964E+00
 5.320313213541E+00 -6.656038058429E+00  2.580651349385E-01 -1.042858624063E-01  1.341309095335E+00  7.056135239259E-01  1.429895688443E+00 -1.340236167424E+01  7.124062874331E+00
 8.966446544617E+00  1.195458613243E+01 -1.692536855181E+01  3.403599368577E-01  5.274074533205E-01 -3.087127381568E-01 -7.272023008507E-02  1.548394273796E+01  7.456956603033E+00
-3.168817292938E+00  7.546594992486E+00  4.215736199069E+00 -3.510711541085E-03  2.050825714186E+00 -8.486846756319E-01  9.562882529109E+00  3.920389641136E+00  1.081003026035E+01
 6.319111434957E+00 -8.264130602300E+00  3.128865074823E+00 -2.752290537984E-01 -3.086437902285E-01  2.757860738024E+00 -8.121522069577E+00 -1.928380765127E+01 -2.554869533037E+00
-1.179087921201E+01 -7.604055401826E+00  1.629594551248E+01 -1.170796734741E+00 -9.517951152568E-01 -5.637382844682E-01  1.669078462272E+01 -5.885179531532E+00  2.496455040216E+00
 5.323164745067E+00 -7.342223622466E+00 -5.723372603876E+00 -2.088028685421E+00  2.665150568013E+00  1.288700964558E-01 -7.237269639906E+00  5.051106329714E+00  2.359055495476E+00
 1.021110183528E+01 -1.373886647784E+01  2.312284673313E+00 -1.915962441628E+00 -2.336191259626E+00  1.478700080538E-01  3.555586445448E-01  2.830744657273E+00 -4.187906179440E+00
 8.529679734060E+00 -1.085539402393E+01  6.484700221761E+00  2.465158828708E-01 -1.763474295130E+00 -9.835768778595E-01  5.002712331261E-01  2.131126464159E+00  2.948780636020E+00
-1.038508971864E+01  5.380638416067E+00  2.201628852201E+01  2.081397379782E+00  1.436127517822E+00  4.324187105681E-01  1.528341624300E+01  1.461405856879E+01 -4.815321318006E+01
 3.467456990120E+00  7.769504827518E-01 -7.823091314286E+00 -3.565616465984E-01 -1.447972194673E+00 -1.373744111783E+00 -2.010051260363E+00  5.344350077573E+00  4.471797116756E+00
-1.479708174953E-01 -1.080532416172E-02 -1.233987639200E+01 -1.634220360443E+00 -1.734362483829E-01  4.567683445501E-01 -2.137460407225E+01  1.241683599155E+01 -4.594074537479E+00
 1.431327683685E+01  1.259116646437E+01 -2.175590965270E+01 -1.596514887454E+00 -7.946409801707E-01  2.424953508075E+00  2.160622119444E+00 -1.805929191758E-01  3.963804370832E+00
-1.501599459659E+00  9.140558775291E+00 -2.357617299723E+00 -9.690031060252E-01  7.113471196030E-01  1.160000595646E+00 -1.542077116275E+00  4.607990871649E+00 -1.526288488115E-02
-1.374375822570E+01  5.558804670506E+00  3.541328422090E+00  2.019327023782E-02 -3.578670735915E-01 -7.923047905107E-01 -2.158817169465E+00  4.632294117458E+00 -9.008128815111E+00
 3.261081742542E+01 -3.966998787855E+00 -3.052180631568E+00 -3.519179817720E-01 -2.302478501537E+00 -4.346761506270E-01 -1.061329142466E+01  1.043721993190E+01  2.588665696006E+01
 1.056413837081E+01  1.426156889445E+00 -3.322633633129E+00  1.206084009596E+00  6.649572155107E-01 -7.870997106274E-01 -4.244113550029E+00 -4.445695980014E+00  2.200671388574E+00
-1.031193815897E+01  1.206897840175E+01 -1.013819781695E+01 -1.483379949417E-01  1.321877099835E+00 -4.549607277549E-01 -2.135748840100E+00 -8.518164141977E-01  1.140482809414E-01
 9.040945855617E+00  1.263619280983E+01  6.794795878181E-01 -9.991631490935E-01  2.404109724088E+00  4.539957616161E-01 -2.688187147901E+00 -1.768142107719E+00 -1.094293924649E+01
 7.333356552122E+00  9.824455343217E+00  5.460305554625E+00  4.274467297336E-01 -3.086822586876E+00  7.455314873097E-01  2.319682576858E+00 -6.111754618148E+00 -1.066351020026E+00
-1.176273455363E+01  1.824386242192E+01  1.672433382091E-01  6.151089149067E-01  1.220932087646E-01  6.455965979346E-01  6.365988593130E+00 -2.118704549259E+00  1.674014496498E+01
 3.609780203149E+01 -3.143949727110E+00  4.988364006304E+00  8.381299330399E-01 -1.440848574877E+00  1.507310583865E+00 -1.185371776708E+01  2.722074433388E+01 -5.825816775560E+00
 1.552191081660E+01 -1.290120973364E+01 -1.083629919042E+01 -1.072327797686E+00  4.440844266392E-01 -3.188037170017E+00 -8.281747918486E+00 -1.310727405332E+01 -6.916526434767E+01
 1.589732589873E+01  1.305749037899E+01 -7.410757836860E+00 -4.694679329442E-01  3.313965117311E-01 -8.638483343035E-01  9.666383491922E+00  5.102252361407E+00  1.550556559641E+01
 2.748311308053E+01  5.829358046505E+00  2.072357951831E+01 -5.585766088664E-01  1.501085870289E+00  3.340258760506E-03  8.259653557689E-01 -9.641982106724E-02  9.190910382265E+00
 3.028446060566E+01  6.683426800807E+00  7.619435783765E-01  8.067897760079E-01  7.935652679155E-01  1.355098575176E+00 -1.366331391646E+01 -1.042259767796E+01 -1.274974015676E+00
 1.226138982732E+01  5.176296092100E+00 -2.584745914470E+01  1.016415199471E+00 -5.445971375844E-01 -6.169014299355E-02  1.331851316576E-01  1.097339221789E+00 -7.967321649946E-01
 7.849199849828E+00  6.961479675312E+00 -5.612823742648E+00 -7.361630436588E-02 -7.512279260904E-01 -6.137353839987E-01 -7.545769903123E+00  2.564944991018E+00  1.190177854361E+00
 1.856596903432E+00  3.123989026441E+00 -1.446521420547E+01  1.755051523691E+00  2.761090095593E-01  8.247617354102E-01 -1.572413224726E+01 -3.206018937181E+01  1.812610268393E+01
 2.126177748433E+01 -3.418211586758E+00  1.110517887031E+01  1.192653375707E+00  8.444999191525E-01 -5.199117763644E-01  9.439630320000E+00 -5.709076426102E+00 -1.442150087416E+00
-8.033322352153E+00  7.636689640257E+00  5.114396763481E+00  1.382782081872E+00 -6.794391371692E-01 -1.106175940682E+00  8.691161003860E+00  4.750811401720E+00 -6.778066120697E+00
 2.069462191550E+01 -1.316612991790E+01  2.863522342987E+01  1.271796557047E+00  2.687621100500E+00 -1.707022223895E+00 -1.482625217589E-01 -1.897816876074E-01 -2.842162060274E+00
 1.085679726092E+01  6.895626194798E+00 -2.538849511778E-01 -1.202334779600E+00  1.220855813596E+00  1.812775114050E+00 -2.153915336809E+00 -1.199026699151E-02  4.664074608095E+00
 1.411613034777E+01  7.590237887528E+00  2.895453590351E+00 -6.822177146275E-01 -5.247966241374E-02  6.195151138282E-01  1.436819270767E+00  1.414491782980E-01  2.034503882253E+00
-5.805834612637E+00  1.316214530954E+01 -1.057609754251E+01  5.739815052242E-01  2.073525473812E+00  4.090076057713E-01  7.242860185505E+00  9.026920076934E-01 -1.444650008371E+00
 1.063260993499E+01 -2.043285336633E+01  8.142768364231E+00 -6.554089942506E-01 -1.579507374015E+00 -2.435537194547E+00  1.639739986251E+01 -9.092986623642E+00  6.375573938966E+00
-1.999629689469E+01  2.384773595924E+01  2.665970858844E+00  1.684651694477E+00  1.944880356937E+00 -9.901297911545E-01  2.528989359453E+00 -4.408557951993E-01 -1.891871763181E+00
 1.734885071437E+01  2.896984389248E+01  1.094774273399E+00  2.804052341470E-04 -9.862771080192E-01  4.716991034787E-01 -2.695437957510E+00  9.698769040706E-01  1.948233893671E+00
 4.909285985222E+00  1.165748107683E+00 -5.717382198846E-01 -4.801639962618E-01 -3.994428772104E-01  8.027541958769E-01 -6.068844235821E+00 -2.380917677316E-01  3.715651643639E-01
 5.067900919461E+00  1.154465681966E+00  1.737251076543E+01 -6.471354203110E-01 -4.934924246850E-01 -1.244574278046E+00  1.604065741956E+00 -3.334844510884E+00 -1.012570152636E-01
 1.794028180596E+01 -1.401334418321E+01 -4.703537838374E+00 -6.991485495194E-01  1.567478286704E+00  1.268888854768E+00 -1.037513669111E+01 -2.285432028948E+00  2.095240429062E+01
 1.387953507384E+01  2.633263368424E+00  1.799030643626E+00  6.535426199678E-01  1.074121302933E+00 -8.870883857927E-01  7.564799462407E+00  4.518374934861E+00  6.239464585073E+00
-3.575552988462E+00  9.035152874047E+00 -3.039847974731E+00  7.236589324127E-01 -1.494430595482E+00  3.621538167998E+00 -2.903753639975E-01 -6.239755327606E-01 -3.109358661842E+00
 1.459262771572E+01  2.234647325533E+01  1.284192387274E-01 -3.220250449043E-01  3.600001346134E-01  8.642255480619E-01 -2.309735865765E+01  4.535137434452E+00  1.459963362213E+01
 1.682455277294E+01  3.985462396425E+00 -2.092891204412E+01  1.695746235248E+00  4.104476343687E-01  1.052789163951E+00  7.499478789663E+00 -6.773302503263E-01 -9.971653141417E+00
 8.755642550361E+00 -4.917979490303E+00  3.432399288715E+00 -6.429387262326E-01  4.851755347187E-01  7.345430343143E-01 -6.068901363946E+00 -3.104086613610E+00  7.827487728778E-01
 9.118634314453E+00 -1.067617889565E+01  9.700543628588E+00 -1.042435530418E+00 -1.935037075957E-01  6.842050340020E-01  1.228786589768E+01 -2.340427131569E+00  1.634602292684E+01
-5.143063730449E+00 -1.217143935112E+00  1.359171542990E+01  7.563042149186E-01  5.870134986444E-01  6.246354459362E-03 -1.224775354716E+00 -1.823485450218E+00  1.145206517511E+01
 1.039001328617E+01  7.689552313159E+00 -2.941357206332E+01 -1.918433499343E+00  1.163794007576E+00  4.890500156371E-01 -3.124289128891E+00  8.689769429540E+00  7.736966518038E+00
-1.351539130460E+01 -6.025411818734E+00  1.403654880792E+01 -3.814056255063E-01 -8.269613835814E-02  1.087181970482E-01 -4.044741690094E+01 -1.918881688640E+00 -9.491924195167E+00
 9.422298095763E+00 -2.176426648575E-01 -1.285320256939E+00 -1.345661909338E+00  5.239041922168E-01 -1.536431716085E+00  2.141512316915E+01  3.491885720334E+00 -5.862468201755E+00
 8.992668618400E+00  3.045301698740E+00 -8.364920247549E+00  9.703707687258E-01  4.061149242971E-01  2.506783436640E+00 -4.356795329901E+00 -9.961570582278E+00  2.608974713114E+01
 6.023893535884E+00  9.605564218278E+00 -1.218849107776E+01  1.804073348985E+00 -1.867245091830E-01 -1.425037324260E+00 -5.901459014521E+00 -5.515090043285E+00  2.817631408307E-01
 9.976970449699E+00  3.291207200039E+00 -4.942675728337E+00 -6.497208223713E-01 -1.006374062695E+00 -6.248184328607E-01 -1.004942879022E+01 -4.653220093635E+00 -5.442375319741E+00
 1.893232133092E+01  2.182824150283E+01 -2.291127838308E+01 -1.255600618346E+00 -2.576447383478E-01  4.434900207345E-01  1.626132129786E+00  1.835597042596E+01 -2.643559463566E+01
-2.760245090935E+01 -3.660755028604E+00 -2.192275838907E-01  2.171768308433E-01 -1.926045699727E+00 -1.814510918354E+00  2.554186199517E+00  9.702534231285E+00 -4.047833749001E+00
-2.541125216762E+01  9.315661079001E+00 -3.105635839854E+01 -1.294703688879E+00  9.433419577716E-01  7.070544799290E-01  2.653195703975E+00 -1.483325758050E+00  2.958877806019E+00
 5.659267801628E+00 -1.900248388074E+00  6.089806879322E-01  2.328843443937E-01  7.795723199443E-01 -1.715823722619E-01 -8.355463854610E-01 -4.466311863126E-01 -3.414754819391E+00
-9.678684643038E+00  8.705741496253E+00  2.728957268250E+00 -9.251932158822E-01  4.799620149986E-02 -1.192985868440E+00  2.161870132339E+00 -1.523278786295E+00 -6.735455245413E+00
-1.175875727251E+01 -4.335441586792E+00 -2.411625518954E+00 -1.420689125579E+00  2.268490410427E-01 -1.301401445987E+00 -4.287654860177E+00  3.444172853055E+00 -2.805881584614E+00
 2.336844409485E+01  1.761000680869E+01  1.818727338107E+00  5.433397436381E-01 -1.116124461881E+00 -4.585867853734E-01  7.414789514544E+00  3.848942956929E+00  1.001532963161E+01
-3.893563090378E+00  1.388816369985E+01 -2.102292921956E+00 -1.059397510247E+00 -3.008288840022E-01  9.360067809894E-01  1.412338210680E+00 -4.116970693098E-01 -4.508705490967E+00
-1.524362717196E+00 -5.000560632225E-01 -1.060717923256E+00  8.370285152189E-01  8.319146057803E-01  7.503541280392E-02 -3.106868081490E+01 -1.844531498379E+00 -1.192785854557E+01
 1.233387874627E+01 -1.182299260855E+01  7.123547944544E+00  1.443105707302E+00  2.656348074700E+00  8.094972290004E-02 -2.095258349319E+00  3.206256244397E+00 -1.670693270273E+00
 4.751873499423E+00 -1.443380148480E+01  1.380501806879E+01  8.225713186417E-01  1.536066121428E+00 -6.142548712200E-01 -3.368679679404E+01  2.317297631706E+01 -8.957002713303E+00
-5.122588644795E-01 -2.439927428090E+00 -1.528673875707E+01 -9.651906430300E-01 -7.983231593045E-01 -4.711554418156E-01 -1.039794831886E+00  1.140146704257E+00  3.066092012001E-02
 5.170676795277E+00  2.258661778249E+00 -6.795566377646E+00  3.821668124031E-01 -2.089330482876E-01  3.201989844726E-02  1.089335455926E+00 -1.300316105399E+00  2.840904121958E+00
 1.592523737386E+01  3.132737933149E+01 -1.023351976111E+01  2.850126670297E-01 -6.547687840191E-01  1.987169408747E+00  2.749187585547E+01 -6.467885957637E+00 -1.926109060946E+01
-6.077307130261E+00 -7.852151591958E+00 -3.323170507330E+00  1.634076592324E+00  6.012501361450E-01  2.548908209119E-01  1.010834597029E+00 -2.331553193356E+00 -1.397436079866E+00
-1.048497067522E+01  1.564516892092E+01  2.932788621410E+00 -2.033769899242E+00 -1.852599740292E-01  1.678211866736E+00 -4.927233358579E+00  1.792333650523E+01  4.371335357086E+01
-2.857993460716E+00  1.028169621244E+01  2.089968871152E+01 -8.957160896671E-01 -2.578460770161E-01  1.275024696856E+00  3.452815386352E+00 -3.611554229116E+00  5.476745856116E-01
 1.037755158201E+01  2.141197823386E-01 -7.405935640929E+00  7.946255777959E-01 -1.226171970209E+00  4.125606320361E-01 -1.229174153883E+00  2.070360128829E+00  1.318033479903E+00
-4.765159553740E+00  7.328592573275E-01  5.222302126101E+00  3.266081683260E+00  6.143790218625E-01  2.526704562684E+00 -9.982318288116E+00  4.654485003209E+00  1.895659937924E+01
 1.851203640401E+00  1.469122334428E+01  1.980711969465E+00 -1.524630229702E+00  2.757730063538E-01 -2.981158533121E-01 -2.579288272877E+01  1.545086762255E+01 -8.047574304748E+00
 9.116078005787E+00  3.168397573250E+00  4.393652407269E+00  2.923015836388E+00  9.018998813404E-01 -1.071927639733E+00 -5.159293596257E+00 -8.805255375028E+01  2.376316552534E+01
 2.712310155303E+00  2.421936994676E+01  2.011494484552E+00 -1.418949047948E+00  7.032899457874E-01  1.257567536317E+00  2.675350081161E+01 -1.876868566620E+01 -2.404553183119E+00
-3.592432194858E+00  2.664822561771E+01 -3.308018652789E+00  1.393669224213E+00  7.698997033594E-01  1.171728840072E+00 -1.819617702387E+00  3.725186860032E-01 -9.197969482862E-01
-1.687636893513E+00  4.272887465004E+00  9.107534426879E+00 -1.030572779359E+00  1.654123089146E+00  4.910368103885E-01 -2.656394391395E+00 -2.501233205739E+00 -8.556373066080E-01
 6.658812984904E+00  7.841968333926E+00  1.928002401675E+00 -1.904149431391E-01 -1.096570490163E+00 -8.081861424518E-01 -1.339014677685E+01  2.291286598850E+00  6.935594260036E+00
-4.418007704836E+00  5.939850130788E+00  1.636386947551E+01 -2.800405725174E-01  2.048974376958E+00  2.026877466856E+00  4.158038268940E+00  1.035193654212E+01 -8.979150616761E+00
 2.708947762928E+01 -6.201195478496E+00  5.262127629895E+00 -2.758119369147E+00 -1.835757466021E+00  8.709406437632E-01 -2.171833899159E+01  1.760859114262E+01 -1.285089061704E+01
 1.764717737951E+01  1.836149225610E+01  3.909997405788E+00  5.712595560574E-01  4.404642221698E-01 -1.995487667157E+00 -1.727849811785E+01 -3.245306592258E-01 -4.766198359050E+00
 2.438115966247E+00  1.649534981633E+01  1.797102441437E+00 -8.741030394381E-02 -5.636328287232E-01 -4.312400064011E-03 -1.290148034228E+00  1.360266439944E+00 -2.579014512608E+00
 7.296035732306E+00  2.480101521745E+00  6.723668905481E+00  1.888069645036E+00 -7.297231128662E-01 -7.789100047491E-01 -2.093187990137E+01  1.476560807347E+01  8.677372721037E+00
-2.516179226690E+00 -2.499511456154E+00 -8.596445102906E+00  1.103441499574E+00 -2.443959546733E+00  7.890514948675E-01  4.320916330327E+00 -1.261362723509E+01 -1.266953586021E+01
 7.363898324724E+00  5.939906156215E-01 -3.108649175565E+00  3.944525344801E-01 -5.160764174175E-01 -2.428638948229E+00  1.781334190634E+00  5.515945401165E+00  3.172018035239E-01
-1.851252197423E+00  1.348505679635E+01 -1.518686832264E+01  1.345057346298E+00 -9.119120914971E-01  1.171368591468E+00  5.313808191747E+00 -2.228744170581E+00  8.748816321461E+00
 3.075252694951E+00 -1.183243900210E+00  1.900134142709E+00 -1.420958849312E-01 -3.267800068810E+00 -1.621217924013E+00  4.135131754691E+00 -5.340858899559E-01 -2.835857568366E+00
 7.006837807463E+00  9.433089734784E+00  2.086250123395E+00  2.006371942220E-01  1.179834154613E+00  7.789351951222E-01 -5.856402220096E+00 -6.718135760628E+00  1.452826765081E+00
-2.220703054158E+01  1.068991802015E+01  1.961971736729E+01 -5.741853712089E-01  1.107764374594E+00  1.716668304600E+00  7.657504953079E-01  2.405135260431E-01  7.332642339449E+00
 1.056756064141E+00  4.731355722966E+00 -7.346092579276E+00  2.440941357221E+00  3.926473695050E-02 -1.098831822388E+00 -1.027728767153E+01  1.391515183987E+01  1.570759710068E+01
 1.192468371221E+01 -1.736997665364E+01  1.131920039626E+01 -5.590816386184E-01 -8.646815224136E-01 -1.848262854371E+00 -6.557884068800E+00  7.206349116687E+00  1.088522370305E+00
-9.330237155631E+00 -4.248178387647E+00 -9.649681463379E+00  1.229948119251E+00 -1.830425750658E-01 -2.986207289863E-01  1.254983853613E+00 -2.979513632727E+00  5.305052045673E-01
-5.009082311579E-01 -3.272789496087E+00 -9.150959014852E-01  8.556479430398E-01  4.451525315632E-01  2.279493759144E+00  2.484786099823E-01  1.044363024392E+00  1.104635769695E-01
-1.552910224560E+01 -1.062718724078E+01 -4.326779987684E+00 -5.623621107219E-01 -4.130053294166E-01 -3.958704849603E-01 -1.659525940260E+00 -2.494341903661E+00 -6.629271440381E+00
 2.097166192000E+01  1.165488838204E+01  1.205620357099E+01 -1.389410975183E+00 -1.740914359724E+00 -7.917741432674E-01 -7.329457713091E+00  1.602723058373E+00  1.042227984395E+01
-4.466102362907E+00 -2.558723610363E-01  3.333831532502E+00  9.009086207988E-01 -1.247631101227E+00  3.511545559491E-01  7.875607798452E-02  7.692885105543E+00  1.024317747033E+01
-6.752296323438E+00  6.345954093915E+00  2.527964526403E+00 -4.038833047168E-01  1.527206471059E+00 -1.438691950511E+00  1.848690522497E+00  3.499065658145E+00  4.705586498886E+00
-3.627880761802E+00  1.044247497432E+00  1.087209874482E+01 -2.443972572510E-01  1.336371290606E+00  2.419399197750E+00 -5.521205495163E+00  7.786563066492E+00 -2.145582124831E+01
 5.296833563966E+00 -5.421227226885E+00  1.486856508380E+01  7.426201306653E-01 -4.291403248414E-01  1.223044890248E+00 -6.417484150702E+00 -4.608340372387E+00  1.451140978597E-01
 1.129399372673E+01  1.499845823950E+01  8.871602744127E-01  9.101157488364E-01 -1.202596137040E+00 -1.062091075470E+00 -2.284670756809E+00 -3.289810439634E+00  3.332934267501E+00
 1.742788929613E+01  4.018621383795E+00  1.427748731094E+01 -8.778172434276E-02  1.114344641171E+00 -5.932894236949E-01  3.352139896499E+01  8.966050967168E+00 -3.576233088184E-01
 1.409708221962E+01 -1.032513233642E+01 -1.303294301157E+01  3.883906725976E-01  1.084833104392E-01  1.487993874445E+00  2.345508386846E+00  6.638462649758E+00  3.116491405182E+00
 2.438507825682E+00 -2.319321984951E+01  1.448292949740E+01  1.655720241111E+00  1.569203272889E+00  7.324721967934E-01  2.034096160482E+01  5.158432298606E+00 -4.973577672864E+00
 8.169051321161E-01 -6.345248812448E+00  5.519275173433E+00  5.945763206562E-01  2.518259482650E+00  4.103148665639E-01 -6.741777060947E+00 -5.689363366984E+00  7.670332711650E+00
 1.202512332273E+01  1.540319092706E+01 -9.928400109298E+00 -1.885637549130E-02 -7.887497103166E-01 -1.124506626005E+00 -4.955624561919E+00 -1.112470930861E+01  2.659807078169E+00
 9.156398972413E+00  1.143502363468E+00  1.250015165842E+01 -4.246647747139E-01  5.207389924597E-01 -1.587608738584E-01 -2.705153357728E+01 -2.674209646482E+01 -1.533125720701E+01
 6.708620533272E+00  1.281099249289E+01  1.984537827752E+01 -1.298535196593E+00  6.288808571401E-01 -1.295303772439E+00  1.762059852413E+00  4.916512408838E+00 -8.554352535910E-01
-9.069221587879E+00  1.029519519784E+01  1.038922108364E+01  2.382485981078E-01  1.538440985341E+00  6.728056754217E-01  2.116727354329E+00 -1.188607926364E+00 -6.258633873472E+00
 1.093557520951E+01  8.120062687114E+00 -6.466766269170E+00  1.299775641927E+00  4.333293688470E-01  1.041413128771E+00 -9.350347672440E-02  8.526945071264E+00  8.275784455416E-01
 4.956467308207E+00 -7.594776083334E+00  1.113122834683E+01  6.431403607843E-01 -9.792834239207E-02  1.752367744150E+00  1.009841977306E+01  2.558991548039E+00  2.578286055747E+00
 1.792390416776E+01 -1.013515374602E+01  1.835959284883E+00 -7.718732124680E-01  2.549546243963E+00  8.666157074277E-01  8.588959816214E+00  8.519736922209E-01 -5.247782002122E+00
-6.488480524637E+00  2.109485431191E+01 -3.454492382845E+00  1.985171142286E-01  9.480951599054E-01  8.913577961142E-01  2.738278271731E+00  2.737333166702E+00 -8.382493509197E+00
-3.339078236160E+00  7.122578755397E+00  8.883249173661E+00 -5.363146379380E-01 -6.903003404656E-01 -4.818136672826E-01  2.307810215260E+01 -3.701849334505E+01 -3.051294420405E+01
-5.025010827956E+00  4.509981849451E+00  6.075265801869E+00  1.489499704594E+00  2.899786370866E+00 -2.330969918646E+00 -6.755057997642E+00 -7.956099777169E-01 -1.427975608939E+00
 1.259782020042E+00 -3.038474194074E+00 -2.710044438703E+00 -2.529080005918E+00  1.092533215442E+00  8.351924530038E-01 -3.248357677850E+00  9.286439589026E-01 -1.323485396904E+00
-6.402358233005E+00 -3.475493239329E-03 -8.541782973694E+00  1.000522713463E+00  4.586786899705E-01 -1.673044243684E+00 -8.522143510419E+00 -1.678424801623E+01  1.508859258925E+00
-6.444570235321E+00  2.461849289178E+01  1.258633236354E+01  1.209911140142E+00  1.235642334777E+00  1.024350646249E+00  5.692101833316E+00 -2.397337976510E+00  4.409694405685E+00
-5.596828546523E+00 -1.124212527751E+01  1.659132642841E+01  1.037617050710E+00 -6.328955194838E-01 -1.009118225284E+00 -2.791577567573E+00 -1.358511304403E+01 -6.905458460174E+00
-7.918325082871E+00  1.874927801327E+01 -1.662067673848E+01  9.713686028824E-01 -5.339312078002E-01  1.782979833778E+00 -2.930259765945E+00  6.478077694785E-01  2.038551899971E+00
 1.175548378968E+01  6.251823731933E+00  1.804025253967E+01 -1.361456293580E+00  3.992503721745E-01  6.305957750755E-01  1.147736715145E+00  9.720003988916E-01  2.100493744846E-02
 4.422293528536E-01 -1.172551035360E+01  9.714394264730E+00 -1.567949114391E+00 -8.896006605237E-01  8.567128225360E-02 -1.724068420205E+00  4.500659965085E+00 -6.326894426550E+00
 2.312268639171E+01 -1.064367040988E-01  1.821236304938E+01 -1.032316928605E+00 -7.028683504346E-01  1.676453686072E+00 -1.571314850651E+01 -1.345424407099E+01 -1.594853158876E+00
 1.109439490347E+01 -1.521698321726E+01 -2.114153448978E+01  1.398128499169E+00 -8.260290396727E-01 -9.665548643647E-01  1.844446283926E+01 -3.212645068809E+00  9.407259582280E+00
 7.639709938179E+00  1.669856413682E+01  8.784527327689E+00  2.833272939895E-01 -1.686594878442E+00 -6.965121990024E-01  5.781398486149E+00 -7.178682225532E+00  4.799524012671E+00
 2.041466057670E+00 -4.441341335819E+00  1.297277869009E+01 -3.898522666809E-01 -1.659578204442E+00  1.992296078345E-01  7.598412427979E-01 -3.591102210161E+00 -1.919264237936E+00
-3.746421727460E+00  3.349855430867E+00  1.123555833222E+01 -2.054035913559E+00 -1.653728329080E-01  8.125987045341E-01 -2.862858874030E-01  3.010628325188E-01 -1.244278488036E+00
-5.442211713533E+00 -3.383344526210E+00 -3.364237309249E+01 -1.412213101869E+00 -1.015625015812E-01  1.348492543560E-01  1.545747514434E+00 -1.688970947682E+00  1.351823171869E+00
 1.978857492730E+01 -8.387235964474E+00  1.819230793105E+00  1.470291851443E+00 -3.446042429642E-01  1.413880648592E+00  8.920545872913E+00  5.447220902946E+00 -6.927012708685E+00
 3.614799338381E+00 -4.334512106611E+00 -1.589834001110E+01 -4.857070304056E-01  8.632445151635E-01 -5.077170564199E-01  4.310324967317E+00  5.600341792547E+00  1.322678719668E+00
 7.306892389366E+00  1.988516611973E+01  4.179809702041E+00  3.596305233808E-01  2.363984732331E-01 -5.985978485323E-01 -1.475826811345E+00  1.023366362374E-01  4.826671812623E+00
-6.160411293682E+00 -1.504889111598E+01  7.529513911030E+00  3.767477998775E-01 -1.183096785345E+00 -1.064694966148E+00  1.416775334637E+00  5.787291960673E+00 -1.115084925083E+00
 1.017056881765E+01 -9.615103687836E+00 -5.758400301998E+00  2.025898966849E+00  1.098592409737E+00  1.374384065070E-02  2.046427485800E+00  1.169105869303E+00 -1.486614798533E+00
 2.363126492974E+01 -9.799787687497E+00  5.041840808118E+00  4.048152162930E-01  1.397037940070E-01 -1.610584178696E+00  7.647122433295E+00  3.338470780535E+00  1.010226343638E+01
-7.002735795860E+00  8.418098915498E+00 -1.939839805522E+01 -7.714048889590E-01 -3.617620334932E-01  7.042226904733E-01  4.439067253826E+00  3.543786227662E+00 -9.715947538426E-01
 7.230927937465E+00 -8.403450208381E+00  1.127146430470E+01 -1.102569857806E+00 -2.283502818598E+00  5.676289257518E-01  1.507248009888E+00 -1.450228205816E+00  9.044364912777E+00
-3.601201960303E+00  1.056372380403E+01  7.560956219707E+00 -6.417334554626E-01  7.252795348088E-01 -5.306747169107E-01  2.006161071234E+00  5.988534824352E+00 -5.247781736645E+00
 6.552239053393E-01  1.525734059484E+01  1.850808408731E+00  3.626379685444E-01  2.520497650781E+00  1.487041279649E+00  1.503832254763E+01  1.501211501687E+01  5.468193250056E+00
 2.624928671762E+01  1.414046387739E+01  9.911168687792E+00 -2.237196746140E+00  2.091298137133E-01  2.674809104235E-01 -6.197636400678E+00 -1.573503086935E+00  1.355993913721E+01
 5.286582421895E+00  3.208990699807E+00 -8.221507771856E+00 -2.907943753235E-01 -7.638576279032E-01  5.943736668163E-01 -8.541775976802E+00  5.717017828875E+00 -9.089459781193E+00
 6.476796090056E+00  6.538001927163E+00  1.800662972881E+01  5.830860297510E-01 -1.066325963770E+00  1.611101627065E-02 -3.986228198337E+00 -4.627519476818E+00 -4.185858113472E+00
-5.324440558205E-01  7.361262968712E-01  3.447056114724E+00  1.829267972985E+00  6.460076576294E-01  8.053766268205E-01  1.665054464576E+01 -2.630440241589E+01 -1.448673678103E+01
 4.135339242329E+00  9.616485752259E+00 -7.088866964903E+00  1.110743954065E-01  1.069673808464E+00  2.827647743038E-01  1.541234486589E+01  4.795922836308E+00 -1.236149408231E+01
 6.065817669640E+00 -1.552608716900E+01  6.750009272049E+00 -7.203326902999E-01  5.425609253300E-01  3.236606539978E-01 -3.191679930000E+00 -2.322058499780E+00  1.113506708786E+00
 2.390338160286E+01  1.897075311513E+01  1.096594407268E+01  1.223237169121E-01 -4.172725225451E-01  2.383651340868E-01 -3.231652348712E+01  1.591830483423E+01  2.404633798132E+01
 1.442585154775E+01  1.349889734803E+00 -4.181982528162E+00  2.941522660196E-01 -9.833479249207E-01  1.305321591741E+00 -4.824934837936E-01  1.142691587491E+01 -3.281269546829E+00
 1.926885357607E+01 -2.373922789140E+01 -8.870370662527E+00 -5.393436016527E-01 -2.004750639261E+00 -3.583666503998E-01 -1.156199768311E+01 -3.456218621352E+01 -1.570299103749E+01
 2.105793479418E+01  1.228091852857E+01 -2.956533698499E+00  1.095553315543E+00 -1.542589292678E+00  1.282812035662E+00  4.293985707944E+00  4.802954415296E+00  7.830929902710E-01
 2.116320848277E+01  2.212906901834E+01 -1.153411486882E+00 -5.517822817663E-01 -1.309709163632E+00 -6.923651109601E-01 -1.879593675820E+01  2.466441713129E+01 -2.076335122440E+00
 6.143256843375E+00  1.206101869684E+00 -4.709289184919E+00 -1.507589620522E-01  7.092817585673E-01 -1.157494724846E+00  1.506856614771E+01  4.025051299675E+00  3.272989219481E-01
-2.782827547894E+00 -6.035384981226E+00  3.042870465000E+01 -1.070518930844E+00 -2.952735894281E-01  1.362856858272E+00  5.248865032036E-01  5.018192736798E+00  7.119737753208E-02
 7.469713454966E+00  1.591467915566E+01 -1.031985821197E+01 -8.845224478999E-01 -2.994974924659E-01  2.110730069986E-02 -5.848009899304E+00 -7.989557652804E+00 -1.872742809095E+01
 1.213875376266E+01 -8.649402320458E+00  1.232568168383E+01  9.240617696971E-01  3.571061010343E-02  8.454592032920E-01  2.054453588478E+00  5.094408080956E-01  2.017271323537E+01
 1.763950057007E+01 -6.814699046516E+00  5.798968926681E+00 -1.779346467052E+00 -1.361872883377E+00  2.729999143088E+00  4.154018973616E+01  1.538405335285E+01  2.406942188477E+01
 1.548617240040E+01  3.130443872464E+01  1.499900783987E+00 -1.686732481951E+00  1.117792431193E+00 -1.454827660198E+00 -1.941332240668E+01  1.280306934841E+01 -8.074349014354E+00
-1.468275765348E+00  2.801454874116E+01 -5.723700932006E+00  1.044546138269E+00 -8.519717870744E-01 -2.515114509588E-01  1.979854142987E+01 -1.191460000032E+01  7.062880779441E+00
 4.975725337596E+00  3.966910365146E+00  7.129527685648E+00  1.267485794546E+00 -1.409076781058E+00 -1.953614859279E-01  1.038611875939E+01 -1.884270437416E+01 -3.299360681465E+01
 1.492295327851E+00  3.926491122404E+00 -6.411352056969E+00 -6.864485773243E-01  7.401665549889E-01 -7.340302948794E-01  2.796837337980E+00  8.100522004196E-01  9.779107623518E+00
 5.487120293325E+00 -5.059185202863E+00  1.386695180940E+01 -6.828624039947E-01  6.042366416139E-01 -1.274989560741E+00  2.472492636660E+01 -3.594624553034E+01  5.520795235614E+00
 9.813912657774E+00  5.126209238931E+00 -2.453769065657E+00 -9.366943568569E-01 -6.255141424323E-01 -1.970098998586E+00 -2.179842977190E+01  8.647446098527E+00  1.957596691856E+01
-6.580040554626E+00  9.508577036221E+00  6.121368551349E+00 -5.749313608746E-01  2.845949996909E-01 -7.152533435007E-02 -6.250288011306E-01  2.485982729970E+00 -2.082997444459E+00
-9.328337788568E+00  1.497019216023E+01  5.833277181924E+00 -4.304276367968E-01 -1.177571627352E+00  5.472368555635E-01  6.304978413747E+00  3.108044144649E-01 -1.827267901536E+01
 3.293930023869E+00  4.834355505945E+00  5.646543416477E+00  1.541424321709E-01 -1.629219960514E-01 -1.098029120014E-01  1.188690086026E+01 -1.317297198262E+01 -1.171869282516E+01
 1.156076675025E+01  1.101381620975E+01 -1.343282996912E+01  1.216307308606E+00 -1.338100234568E+00  5.686401174936E-01  1.769268574552E+00 -6.611474107990E-02 -8.984171205007E-01
 2.297739172238E+01  1.128685049033E+01  1.036628526378E+01 -1.251527076777E-01  1.977968060714E-01 -8.083577545568E-01  7.170400563349E+00 -3.022013782763E-01  1.094429298801E+01
 2.782151365921E+01  1.791296243749E+01  5.035448825060E+00 -6.268363675222E-01  5.566691535921E-02  7.017381203034E-02 -1.100041732520E+01 -5.424483304858E+00  3.068552200389E+00
 3.735861010946E-02  8.913802167318E+00 -9.262293494464E+00 -2.027282508099E-02 -1.396623476073E+00  6.070902374654E-01  4.715607544004E-01 -2.148581193436E+00 -1.407766143438E+00
-9.204821862282E+00  1.034906213928E+01 -2.687143591983E+00  1.151203260981E+00 -1.907289819670E+00 -3.616802559311E-02  4.341306761507E+00  1.391472581192E+00 -3.182527008191E+00
 2.952253863888E+00  3.421313847116E+00  1.148323926272E+00  3.352503423397E-01 -6.132657588970E-01 -1.182584440661E+00 -1.311806765548E+00  3.814278436487E+00 -9.367771898467E-01
-4.019091453463E+00  1.486262623050E+01 -1.163627935267E+01  1.747414348456E+00 -8.555876128894E-01 -1.022187513693E+00 -6.572033659812E+00  1.989987157326E+00  6.211975834468E+00
 1.310569092883E+01  1.796352991510E+01 -1.427740936718E+01 -3.116272440041E+00 -6.828829828488E-02  7.047803871936E-01 -2.307931266089E+00  1.008889260093E+01  1.689479875637E+00
-1.375664635535E+01  1.214007536797E+01  9.010306578242E+00 -1.116886436951E-01  1.598676703668E-01 -3.764871724716E-01  4.366220131997E+00  7.459648565927E-01 -9.541382869552E-01
 5.779069151715E-01 -1.966431786816E+00  5.312751863667E+00  1.648477523155E+00 -1.851709299065E-01 -1.653021838946E+00 -2.719549305668E+00 -8.560850655133E+00  9.595452657693E+00
-5.430132348981E+00 -5.593672953192E+00  3.236291592902E+00  7.691346752043E-01 -2.562564888764E-01  1.740440476266E-01  2.785496657796E+00  1.053236177520E+01  8.233311832521E+00
 1.342160728515E+01  1.461103644901E+01  4.188155906586E+00  8.470414345293E-01 -9.106752416922E-01 -7.891192540112E-01 -1.543896728444E+00 -5.836234483821E+00  4.420028862563E-01
 1.576017177894E+00  1.311664284258E+01  9.110203635357E+00 -6.628744125256E-01 -1.010616589230E+00  9.033605386718E-01 -1.669376895401E+00  4.498674470286E-01  1.396569717572E+00
 1.001197347750E+01  2.148330175161E+01  1.289123401554E+01  1.477107406007E+00 -2.119047477203E+00  1.285374010044E+00  2.336926004752E+01 -6.162572794544E-02 -3.811388201702E+00
 1.642691244277E+01  3.282761053612E+01 -3.503926054266E+01  1.225434150136E+00  2.258592897366E-01  8.000991817407E-01 -1.104105909853E+00  3.106447506580E+00 -6.034871835529E+00
 1.667235389915E+01 -3.031594314829E+00  3.012239739658E+01  1.157602004633E+00 -1.046673136243E+00 -9.635631140798E-01 -1.060590740900E-01 -2.618234386588E+00 -1.844667276906E+00
-1.103273191262E+01  2.137209505792E+01  3.996590953187E+00 -2.563329758982E+00 -1.016734393590E+00  1.013554983881E+00  5.253985731473E+00  2.794200123430E+01  3.798235127130E+01
 1.033649908897E+01  1.752464246471E+01 -3.345280609949E+00  2.237322423680E+00 -6.752117444713E-01  1.060377874712E+00  1.304517621289E+00 -1.199848973215E+00 -1.535645120830E+00
 9.817301732599E-01  2.326200033890E+00  9.152102139392E-01 -1.179434809562E+00  7.633631211933E-01 -1.726713206532E+00 -2.482611418480E+00 -7.391935827065E-01  4.371031765894E-01
-4.584586819346E+00  2.316963650442E+01  8.365536690396E+00  2.338188508813E-01  1.282039453719E+00 -1.477264780575E+00 -3.206561477018E+00 -1.953793843420E+00  3.074081774932E+00
 1.032219732391E+01  1.254219143056E+01 -7.218869549526E+00 -7.694484197268E-01 -1.490899964255E-01  9.108728303916E-01  4.464180787329E+00  4.697070371258E-01 -5.041979414023E+00
 2.585229693778E+01  8.115922599698E+00 -6.898058506930E+00  1.650210610606E+00  2.909441206573E-01  9.406309711697E-01 -2.465271386425E+00  3.781969922583E+00  1.493530277835E+00
 6.970045227788E+00  4.961989804256E+00  9.749480250314E+00  7.278954995092E-01  1.315442510512E+00  1.251210128523E+00 -1.708672851575E-01 -3.524195014992E+00  1.461624210460E+00
-4.766625633085E+00  1.543914389860E+00 -1.957495034859E+01  3.514400995142E+00  7.492496260678E-03  6.881158004221E-01 -2.074870376825E+01  9.064338692977E+00  2.743358141957E+01
 8.373804522419E+00 -1.399861913151E+01  1.439506694443E+01 -4.851283581584E-01  2.437749850480E-01  5.486098074186E-02  1.251350975306E+01 -2.962605185003E+00 -2.370740558228E+01
 8.555145224698E+00 -1.433249871850E+01 -8.287094207686E+00 -6.904267657426E-02  1.759958575675E-02 -1.202215007333E+00 -3.053376210847E+00 -5.137315996132E+00  1.855700054360E+00
 1.502712276048E+01  2.315544264023E-01 -1.561656539479E+01 -2.518479407126E+00  1.544275543456E-01 -1.858910398154E+00  7.452553600824E+00 -7.739910778669E+00 -2.140268515521E+01
-1.945846164719E+01 -7.798625959035E+00  5.762027521747E+00  7.011990939402E-01 -1.393262628330E+00 -1.372585543819E+00 -2.424441921143E+00 -2.207584561381E+00  2.703403818403E-01
-6.261740334091E+00  7.308409636650E-01 -1.029307911655E+01  1.168731375392E+00 -2.600227907381E-02 -1.660584983770E-01  3.092269921640E+00  8.777366496274E-01  1.819423668491E-01
 9.552093968430E+00 -1.169656952451E+00  6.091224730100E+00 -7.738287331491E-01  6.830486338926E-01  8.644288852644E-01  5.112749412298E-01 -3.498774521671E+00 -7.090569327959E+00
 5.891741866101E-01  2.044395859087E+01 -3.856914522904E+01 -5.205241576082E-01 -6.947891183330E-01 -8.239418499260E-02 -9.651682396135E+00  1.033382952365E+00 -1.682220978607E+00
 3.248529048848E+01  1.504313161257E+01  7.639962514653E+00 -7.541404090681E-01  5.870713019715E-01  2.038591433664E-01 -5.122667950786E+00  2.073920572978E+00 -1.107378424703E+01
-5.975594925016E+00  2.308378683667E+01  8.432826367565E-01  2.197973173118E+00  2.045841810398E-01 -5.963895282211E-01  1.675111376177E+00 -1.754322297375E+00 -6.973512896777E+00
-1.125925969476E+01  5.143876727822E+00  1.061059216683E+01 -8.609701788120E-02 -1.945516028914E+00  2.620783335466E-01  1.452563889810E+00  4.529347780276E-01 -1.979837693866E-01
 1.255603017469E+01  2.401093556093E-01  4.523017831383E-01 -8.526613554094E-01  1.040490557164E-01 -9.556908605145E-02  1.545983902142E+00  1.327926303625E+00  1.008176278133E+00
-4.917145466623E+00  1.520875132883E+01  6.887350051160E+00 -4.197857102162E-01 -1.701129789326E-01 -1.267547318209E+00  1.339214433907E+01 -3.341198019850E+01  6.213289134872E-01
 2.110806995157E+01 -7.231531840312E+00  4.850110021635E+00 -1.417817463156E+00 -7.444845000565E-01  1.891924494265E-01 -8.280918468189E+00 -4.420615405000E-02 -2.645057680752E+00
 1.353316267829E+01  5.498873627819E+00 -8.080294752008E+00  5.427472962839E-01 -4.489964689870E-01 -1.083712515663E+00  2.142677916219E+00 -3.167631507830E+00 -1.653464069894E+00
 1.740408588656E+01 -1.406530936742E+01 -6.308827879251E+00 -1.458073404746E+00  1.141731408436E+00 -1.257412332639E+00  1.596140066277E+01 -9.707796591564E+00 -7.212395884551E+00
 7.329008577151E-01 -1.251165277370E+00 -5.430292384447E+00  6.443600218421E-02 -1.002915579468E-01 -1.002134805280E+00  5.515293932334E+00  6.993680401460E+00 -1.091531911805E+01
 1.685171645942E+01 -1.392845254391E+00 -4.927535866371E+00  8.298331177054E-01 -9.683865488890E-01 -3.965599174039E-01  2.681254364150E-01  2.068281125647E+00 -2.720505779375E+00
 1.883593176674E+01  7.078111845910E+00  8.130139170630E+00 -1.277389574161E+00  1.584048929484E-01  3.183234126645E-01 -4.374786963288E-01  2.019481646152E+00  5.340211375382E+00
-6.508935381040E+00  7.458348940652E+00 -6.015432373948E-01 -1.535052064897E+00  4.483934452479E-01 -1.154123068521E+00 -3.737736622718E+00  4.332327154659E+00 -1.572475380471E+01
 7.621069494395E+00 -1.675684904339E+00  2.199727574701E+01  2.210035351308E+00  6.149407064097E-01  1.431038041824E-02  7.164753628434E+00  1.289329424903E+01  4.137622007731E+00
 6.838294287905E+00  1.248990074075E+01  3.550205403437E+00  1.914631225236E+00 -6.547016147069E-01  7.531339199689E-01  1.146489671979E+01  2.034642016421E+01  5.843735953137E+00
 1.036401218117E+01  1.314832987282E+01  3.712057648488E+00  6.346248362495E-01 -1.959762716470E-01  1.319712421106E+00  1.692937832626E-01  1.437675451507E+00  1.891659630665E+00
 1.702166337821E+01  5.358029904435E+00  1.815229650589E+00  2.652174670370E-01 -3.220786181597E-01 -7.471165183590E-01  3.606025227004E+00 -5.144053757478E+00  9.748710455898E-02
 9.675138201789E+00 -3.816482493038E+00  4.738447834742E+00  1.110023622487E-01 -1.182990493218E-01 -6.739774412796E-01 -1.762830153422E+01  5.664869396742E+00  5.083769992412E+00
-1.968056663975E+01  4.427565661747E+00  1.489044889188E+01  1.331143395217E+00 -3.088073073059E-01  4.904054216496E-01 -1.900651615144E+00 -4.862309329397E-01  1.339392395464E+00
 2.011100224736E+01 -5.115779870694E+00  1.108900784414E+01 -2.209576747636E+00 -2.793871466834E-01 -6.684859809914E-01 -1.675588416592E+01 -1.942654890298E+00 -2.344303122692E+01
 5.775206258452E+00 -7.942376013223E+00  1.230358206308E+01 -6.666355047943E-01 -1.390416484164E+00 -8.050923158781E-01 -4.354278610411E+00 -4.123063835048E+00 -1.532434121703E+01
-5.186522226107E+00  4.529570313433E+00  1.790673163041E+01 -1.981943464152E-01  4.562516169698E-01 -4.399772935383E-01 -4.669907168856E+00  1.577944859834E+01 -4.906906769759E+00
-9.706863023385E+00  2.883841425859E+00 -1.060755268807E+01  8.027042930990E-01 -3.606242143179E-01 -1.884998290882E-01  1.493697738120E-01  1.341477507038E+00  4.472835118611E+00
 1.151318804623E+01  9.020781754502E+00 -1.115529097152E+01 -1.306762053200E+00  3.673187459805E-01 -2.593577368519E+00 -2.145208295041E+00  2.039371056177E+00 -6.494428239573E+00
 2.461082205341E+01 -1.341948967887E+01 -5.003324904382E+00  6.377585342394E-03  3.331705769597E+00  7.912553119290E-01 -4.320609945681E+00  1.042698843504E+01  1.290434436150E+00
 7.613878133467E+00  2.461545263931E+01  7.828659695395E+00 -4.275488045787E-01  2.352111423691E+00 -5.419387190545E-01 -2.258648083963E+01 -5.204810067437E+00  4.650587894644E+01
 3.709976329226E+00 -2.380632352372E+00  1.692146297603E+01 -2.972356690739E-01 -1.277428815320E+00 -1.053305125906E+00  3.261801224177E+00  3.558426661764E+00 -4.444619553717E-01
 1.600586217839E+01 -5.829819737407E+00  1.217747890878E+01 -1.281461885946E+00 -5.630655378399E-01  8.083786764205E-01 -3.317360294504E-01 -2.734864507929E+00 -2.156544741705E-01
 8.552000053180E+00 -2.725385886794E+00 -7.118948649004E-01 -2.560778208489E+00  2.808553552210E-01  6.389105650096E-01 -3.725697825515E+00  1.356745438902E+00 -1.928539834254E-02
 5.093645763519E+00  1.909677157613E+01  2.634550623679E+00 -2.585765068927E+00  2.687671136461E+00 -2.127778224494E+00 -4.920282895033E-01 -5.362054111940E+00 -1.589392862155E+01
 1.402236356474E+01 -3.724934910672E+00 -1.982294274515E+00 -2.134684105336E+00  1.328119417858E-01 -1.669418814390E+00 -8.064155618960E+00  2.303628520970E+01  1.600104654072E+01
 1.434591286314E+01  9.773335212188E+00  4.483657916579E-01 -1.436135740652E+00 -9.509400972293E-01 -1.348578358835E+00  1.394753172306E+00 -1.361470988325E+00 -8.113198320206E+00
 1.163490551161E+01  5.337932636122E+00 -4.638130015435E+00 -9.292275280979E-01  6.258693795147E-01 -3.206457910046E-01 -6.213754279127E-01 -4.011516969593E-01 -1.850179478511E+00
 7.854709929469E+00 -3.238910604567E+00  2.009312809279E+01 -7.814002949085E-01 -1.449951061065E+00  3.075430438085E-02  4.132582215884E+00  1.252857957864E+01 -2.125854387514E+00
-8.360527706205E+00  2.525196172175E+00  2.647794758326E+00 -2.347641533233E+00  8.005838075100E-01 -1.572019950704E+00 -7.938911079995E+00  1.790170755246E+00 -2.271007433889E+01
 5.568780651859E+00 -6.539359391053E+00  5.144876217359E+00  1.073593557027E+00 -1.364798621900E+00 -1.201092401761E+00 -1.044108114590E+01 -1.322750466590E+01 -1.144582072563E+01
 1.348412255388E+00  1.050859493654E+01 -7.887304141191E+00  6.500743717156E-01  1.085798493441E+00  1.512835929016E+00 -3.138484208449E+00  5.989219234693E+00  6.067754475682E+00
-1.581422800600E+01  1.069157278679E+01 -9.011646136302E+00 -5.277269827770E-01  6.779214906460E-01  8.784485014072E-01  9.014822468771E+00  1.658142933545E+01 -6.922415049620E+00
 4.861780668617E+00 -5.187129306808E+00 -1.161535918061E+00  1.098479373312E+00  7.912579232996E-01 -2.164792273531E+00 -3.401465802530E+00 -5.174193078424E+01  6.811331191315E+01
 1.127346182608E+00  2.118113724956E+01 -5.812174134835E+00 -2.140720212753E+00  3.015612507913E-01  5.974024860166E-01 -1.218841274078E+00 -2.768755139135E+00  5.599451623006E-01
 2.044794539437E+01 -7.028223326042E-01  2.692039827065E+01 -2.763419363303E-01  1.557479835976E+00  3.237332917854E-01  7.086911119547E+01  9.849357806085E+00  1.082260457112E+01
 5.094988762469E+00  1.430103628481E+01  8.902882244527E-01  1.438006159771E+00  1.194299202215E+00  7.364107548467E-01  1.521511842437E+00 -3.049754323322E+00 -9.323733379967E-02
 2.216003363155E+01 -1.737143305209E+01  6.438991030648E+00  9.001970122543E-01  1.307141990838E+00  1.419752112962E+00 -1.125552076661E+00 -4.380793293051E+00  4.455325231531E+00
 2.136356696202E+01  1.861297217100E+00 -6.639588351357E+00 -5.915487487461E-01  1.342298107119E+00 -9.534356590314E-02 -6.476278279692E+00 -1.218807791345E+01  8.871886287182E+00
-2.303146154676E+00  1.300692203613E+01  2.049345404242E+01  2.927813128586E-01  8.885535545091E-02  1.426392176822E+00  8.610861784939E-01 -8.021425287314E+00 -4.941871973550E+00
 1.282905421102E+01 -2.731003397666E+00  3.566859540716E+00 -1.254407191914E+00  8.904777107964E-02 -5.344103279357E-01  2.900676305915E+00  1.193604370995E+00 -2.183064559433E+00
 1.452040501831E+01  1.664411357181E+01 -8.738477932413E-01 -5.805438605024E-01 -3.455937854015E+00  6.077010524825E-01 -1.827974046659E+00 -1.927104767375E+00 -8.663288740326E-01
 1.644806742869E+01  1.523692548756E+01 -2.532432745681E+00 -4.562522696627E-01 -2.354518672334E-01  1.733455755118E+00  2.257948410930E+00  1.920820913674E+00 -2.779244006822E+00
 1.826633304473E+01  2.175269766666E+01  2.038516820150E+01  1.315208791540E+00  1.264587804047E+00  1.422843877033E+00  9.571859303065E+00 -9.050873951545E-01  2.152876054017E+00
 8.519219938734E+00  3.846844144352E+00 -9.848274914901E+00  9.802598236645E-02  8.314107780154E-01 -1.894300280080E+00 -4.410012057660E+01  1.119509654081E+01  1.253799000938E+01
 1.056974170707E+01 -9.150872777130E+00  8.537134587360E+00 -1.186850877277E+00 -8.684200744423E-01  2.057374769674E+00 -3.776830475251E+00 -5.661477389602E+00 -4.576702822327E+00
 1.456852612133E+01  1.064494349393E+01  1.344927722726E+01 -2.721283853680E-01 -5.712521257550E-01  2.049425805074E+00 -3.289593497329E+00 -9.846636834157E-01 -1.909790569844E+00
 5.269840070616E+00  6.757097598035E-01 -1.509162486102E+00 -7.386048023140E-01 -8.188162686167E-01  8.888064845680E-01  7.184000028891E-01 -2.533438212717E+00 -2.384033063057E-01
 1.884764515896E+01  8.245855887861E+00 -7.982611667998E+00 -2.148818052627E-01  6.134146614314E-01  1.191488617154E+00 -5.871578747397E+00  2.223904551317E+00  1.045160599232E+01
-8.068513116231E+00 -3.790213364637E+00 -4.029027255525E+00  1.303461314512E+00 -1.146663184197E+00 -9.535406106516E-01  2.135420936047E-01  1.208502781585E+01 -4.191680560752E+00
 1.515096012688E+01 -1.196299201238E+01  1.960035954636E+01 -1.819075834520E+00 -2.334533632990E-01  2.839735886195E+00 -3.151182538442E+00  5.136770252268E+00 -1.173764857552E+00
 2.784707848134E+00  2.968048404200E+01 -1.523611247152E+01 -7.777587030195E-01 -1.896804609129E+00  3.606786307116E-01 -6.559919992802E+00  7.140290383989E+00  4.005639747313E-01
 8.171192225953E+00  1.461672297636E+01  1.247291006601E+01 -1.363932332721E+00 -2.387535707979E+00  1.292526233493E+00  9.295138079312E+00  8.576969560563E+00  1.640241740484E+01
-1.695579647226E+00  2.106527619693E+01 -1.240282866060E+00  6.041846434042E-01 -2.540589604440E+00  7.699575813076E-01 -6.822029814298E+00  8.481009387683E+00 -3.628692955367E+00
 9.404300629438E-01  1.130750939922E+01 -1.056202638280E+01 -1.762585280357E-01 -1.095750848475E-01 -1.573993137220E+00 -3.520878945935E-01 -9.075018164260E+00  1.002525253039E+01
 5.371920794958E+00  1.498207641965E+01 -1.721467570074E+01 -3.116429684360E-01 -6.440335069385E-01  1.879249540631E-01  7.118672149521E+00  1.725354229298E+00 -2.647481909795E+00
-1.353581061957E+00 -6.290433393904E+00  3.035189360702E+00  3.631143885832E-01 -1.007386418258E+00 -1.314285871043E+00  5.995547001466E-01  2.102229635681E+00 -9.983087782760E-01
 4.384273663250E+00  1.542184311950E+01 -7.267404180158E+00  5.268376319740E-01  2.092087876017E+00  7.947751611611E-01 -4.126593623004E+00  1.761340405919E+00 -4.926808196039E-01
 1.593767627581E+01  1.900004413525E+01  4.138883751113E+00  1.653691107840E+00  1.459720152291E+00  2.184742648859E-01 -1.301124496168E+00  1.511183178799E+00  9.109570875299E-01
-4.637574023793E-01  9.624521840501E+00  2.205111047437E+01  1.035814236545E+00 -8.790562518425E-01 -5.112706034367E-01  7.469741860822E+00  3.257915418001E+00 -6.306920119481E+00
 1.416584858418E+01 -7.578291357328E+00 -5.750327767181E+00 -6.160220659250E-01  3.761447985317E+00 -8.773779260606E-01  4.283094585024E+00 -5.761669884787E+00  3.597251948234E+00
-7.082678010326E+00  5.139443919268E+00  8.578911439453E+00  8.965819923249E-01  1.150144020881E+00 -3.567601033787E-01  6.223592322466E+01  2.174040063853E+01 -2.621687969773E+01
 3.870964282188E+00  2.453664211723E+01  8.555885839249E+00 -1.614067815680E+00  4.453797517481E-01 -1.128084560977E+00 -5.009602840261E+00 -2.504368350248E-01  1.061017752299E+00
 3.268087599239E+00  1.062370578712E+01 -6.299068281574E+00 -1.215576215069E+00  8.819711042007E-01 -8.038420188576E-01  2.469929431855E+01 -1.068671297408E+01 -1.637286545381E+00
 4.801911233184E+00 -3.467222899297E+00  2.205989502941E+01 -6.260396050802E-01 -6.067659559004E-01  1.918440534860E-01 -6.942294783736E+00  3.934089008630E+00 -5.067788404450E+00
 2.554934994945E+01  7.132331307816E+00 -4.088443907230E+00  2.911037742609E-01  8.364314704484E-01 -6.645202388255E-01 -2.673739556568E-02 -1.807987769276E+00  4.476974531205E+00
-6.256549756472E+00  1.278749913496E+01  3.348091902440E+00 -3.623953833275E-02 -9.114354068493E-01 -9.907089585079E-01 -5.850661928712E+00 -1.129246753152E+00 -7.693239396176E+00
 1.873786036138E+01  7.591979191748E+00  5.724757164052E+00 -1.373975245876E+00  1.791995965000E+00 -5.430658237858E-01 -2.122742448325E-01  2.312186300481E+00 -2.791368390027E+00
 1.039492347493E+01  1.629924903593E+01  2.579362960552E+01  2.668446800722E+00  4.375681437178E-01  9.578817525926E-01  2.773737081828E+01 -2.886702193689E+01  5.251451903730E+00
 4.786575082802E+00 -1.068698442138E+00 -2.420262638560E+00  8.480987917243E-01  1.255857294918E+00 -6.957947540170E-01  3.245882997165E+00  4.547013621576E-01  4.394023614973E+00
-2.468618186319E-03  2.647971731761E+00  8.427246544793E+00 -5.648631697572E-01  6.248861377275E-01 -1.227856890552E-01 -3.721591882937E+00 -4.848221504707E+00 -1.159352345666E+01
 1.735558211936E+01  1.968130108919E+01  1.964558310693E+01 -9.403807010204E-01 -5.071036356851E-01  1.234954684556E+00  1.167605444809E+01 -4.365176285986E+00 -6.022786444818E+00
-2.709564903202E+01 -7.654045392778E+00  2.513225048980E+01 -4.355799224901E-01 -1.745329098984E+00 -1.381905888696E+00  1.756943697573E+01 -6.163030955666E+00  1.451118245271E+01
-1.311878942323E+01 -6.431493745510E+00  1.258600371234E+01  1.460446516118E+00 -6.766252080340E-01 -2.173790710380E+00  2.854697657701E-01  6.857065100962E-01 -2.201707016853E+00
 1.625668283418E+00  1.211622656591E+01  5.576447513035E+00 -6.953060273169E-01 -1.721457242449E+00  1.426995050987E+00  1.817429119586E-01 -1.308840017877E+01  2.599724202548E-01
 9.171936387101E+00  1.405805986203E+01  2.414567840772E+01  6.411298997242E-01  3.938387499627E-01  1.791260368071E+00  4.185205437366E+00  8.737271745225E+01 -2.319114926631E+01
-1.599412123039E+01 -1.441285057368E+01  6.339743500562E+00 -1.528249830144E-01 -6.346304287885E-02  5.843441002010E-01 -2.610581654556E+00 -1.446927414151E+00 -5.627757080856E+00
-1.399476261244E+00  4.749459662416E+00  7.955195149521E+00  1.037812898669E+00  3.116779252337E-01 -1.382955000808E+00  2.536708948714E+01 -4.815838229273E+00  6.283311785684E+00
 2.872352342777E+01  1.032872424138E+01  2.044320241768E+01  1.637485602898E-01 -2.546967223931E-01 -1.294971386381E+00 -2.478114708596E+00 -1.240181691752E+01  8.972442793405E+00
 5.626496960088E+00  2.785998695570E-01 -3.244594268214E+00 -2.304622349051E-01  2.217708974989E+00 -5.397749262214E-01  1.569697769509E+00 -4.686505542581E-01  1.688501669109E-01
 1.331726240317E+01 -7.198077176020E+00  9.919054688151E+00  1.671418564654E-01 -1.184224765308E-01 -3.666084688957E-01 -5.391080505135E+00 -1.375169034805E+00  6.490051427871E+00
 3.864228372425E+00  3.159912607461E+01  1.880021353763E+01  3.621195124555E+00 -1.323267785697E+00 -8.819759519573E-02  2.673670393892E+00 -1.895708733518E+00  2.788577298089E+00
 1.785481852442E+01  7.468946447063E+00  2.274585366460E+01  4.578807501176E-01 -1.730061018398E+00 -8.223327756927E-01  6.020149522309E-01  3.866617134566E+00 -3.252309731991E+00
-9.436406460584E+00  4.529625729889E+00  3.494289824218E-02  2.074533433194E-01 -6.161113171973E-01  2.817399365959E-01  3.063395002879E-01  1.329381630071E+00  2.783429106502E+00
 7.454711461710E+00  1.432287369758E+01  2.182909373826E+01  1.052925231181E+00  7.925225811215E-02 -6.346938680336E-01 -2.818647645674E+01 -3.209263181883E+01  2.060854515097E+01
 1.603886050440E+00  1.970053325971E+01  4.504313313095E+00  4.075843307759E-01 -1.582415675582E+00  5.081865562863E-01  4.064370586393E+00 -6.307705809508E-01  4.670814861019E-02
 1.438654384346E+01 -5.625512523756E+00  1.805082049916E+00 -1.269222867240E+00 -1.796791598751E+00  1.355332049897E+00 -2.187276612607E-01 -4.373683010403E-01  4.520228544779E+00
 5.011461074790E+00  5.645418542149E+00 -1.563793580133E+00 -3.226085769057E-01 -1.131427936132E+00 -7.553891108977E-01  1.058413082747E+01  6.922591357837E+01 -3.370454517156E+01
 1.712451868640E+01 -1.864236413782E+00  7.284082743037E+00 -8.002056697903E-01 -1.030106885030E+00  9.939803041580E-01 -2.782264034003E-02 -1.284019973741E+00 -3.538229654042E+00
 4.492045033941E+00 -4.093645904322E+00  7.244858518288E+00 -2.007400488648E+00  2.396659654598E+00  3.749586414758E-01  1.508232162878E+00  1.149991764374E+01 -1.156110639893E+01
-1.275891077875E+01  2.192420110988E+01  3.026554976486E+01  1.782007598375E+00 -3.081887464126E-01 -3.357064718714E-01 -1.147346445717E+01  4.484141596136E+00 -5.587393410398E+00
 1.947527515702E+01 -1.732736669071E+01  1.661378503915E+01 -2.495372766720E-02  6.683973247223E-01  3.592916134066E-01  6.943488741132E+00 -4.652650456822E+00 -9.706101034979E+00
 7.865698338884E+00 -1.141191884827E+00  1.288448330583E+01 -2.122756248846E+00  4.594532069477E-01  2.580354377644E+00  1.585945293294E+00 -3.277866911409E-01  4.886444326853E+00
 1.361307504772E+01 -1.398718500649E+01  5.327270037036E+00 -3.399437724403E-01  5.444386651214E-01 -3.182487941010E-01  3.251545688510E+00 -5.447584309498E+00  1.244915379608E+00
 1.741363540703E+01 -1.236895246743E+00  8.108011867876E+00 -2.457139486375E+00 -2.538816359109E-01 -1.254099478432E+00  4.692780939415E+00  2.217868202861E+00  3.490653184348E+00
 1.458399245368E+01  8.449684908129E+00  5.066306418372E-01 -1.620989664915E+00  3.467388717452E-01  1.813795568651E+00  2.161420175624E+01 -3.045486134671E+01 -1.434648900637E+01
-2.195359759040E+00  7.628832361483E+00 -1.753572841810E+00  1.973998663404E-01  1.487523870145E+00  9.407835814104E-02  2.705821059754E+00  5.873571075457E+00 -6.070226908451E-01
 4.495986696763E+00 -1.249063909457E+01  4.139543717265E+00 -1.070892664952E+00  8.157123547944E-01  8.582416182220E-01  1.626488154256E+01 -1.515725210156E+01  8.336463172585E+00
-1.465772578915E+01  3.585542266463E+00  2.368266742750E+01 -1.437975562806E+00 -4.954124496727E-01 -1.582810464198E+00  1.044556261658E+00  3.434955332006E+00 -2.238456305686E+00
 6.573528165841E+00  5.995158814822E+00  5.118898361427E+00  3.808199267649E-01 -8.695069439976E-01  3.121028989876E-02  1.217948382780E+01 -2.381215544845E+01  7.093059794922E+00
-4.948139811564E+00 -3.137729460812E+00  8.165827244776E+00 -1.198839457329E+00  1.099701742426E+00  1.289792627219E+00 -2.840157790277E+00 -7.563433577512E+00  2.290299636777E+01
-1.093422553247E+01  3.405356429571E+00  1.949307281693E+01 -1.134126988988E-01 -1.237288398234E+00  6.914621440790E-02  2.751705730729E+01 -2.032775746390E+01 -3.179427188828E+01
 2.435430368833E+00 -8.235768543139E+00  7.325073166581E+00  1.452194915856E+00 -2.132294142744E+00  1.650314272093E+00 -2.865237531279E+00  6.210003067402E-01 -1.639911204335E+00
-4.781545602475E+00 -8.835534202600E-01  1.002236458158E+01 -1.545327396214E-01 -1.227572949154E+00 -1.821298032910E+00  3.574059333258E+00  3.740111716016E+00 -5.063919823663E+00
 3.872664044576E+00  7.264656045518E+00  2.032550364713E+01  3.040719513049E-01 -6.664830047092E-01 -1.942213480438E-01 -4.319676582630E+00  2.718280917301E+00  5.326284677570E+00
 4.294348735082E+00 -4.999473685085E+00  5.298210488863E+00  3.572669402944E-01  7.084939837716E-02  6.576554415144E-01 -1.810554606016E+01 -1.996051360279E+01  1.423769730831E+01
 1.281086872343E+01  3.850894454637E+00  2.351021813750E+01  1.741056569614E-01  1.551342298052E+00  2.918088182517E+00  4.662893535717E+00  8.198898485447E+00  4.821446233159E+00
-1.094690199152E+00  1.098892658581E+01  2.968601440555E+01 -1.820120563521E-01 -6.301546054412E-01 -7.798923434312E-01  2.412071588940E+00  1.047977351601E+01 -5.492650849323E+00
 2.560598156334E+01 -3.840317008469E+00  2.262630939875E+01  1.028388773111E+00  9.197576692799E-01  3.748800137764E-01  6.235010991219E+00 -5.996957885564E+00  7.551960740618E+00
 1.194288040572E+01 -1.104526034088E+01 -3.635088335029E+00 -1.013636640253E+00 -4.742031895913E-02 -1.201128815595E+00  5.238346243801E+00 -1.349136340783E+00  1.960754519784E+00
 1.286573404407E+00  8.976267113515E+00  9.901777335645E+00 -2.153260963186E+00 -1.020611760892E-01 -1.606142941323E-01 -2.646356004955E+00  3.306299088500E+00  2.915283842302E+00
 7.353004597807E+00 -9.197517510375E+00 -5.013454543396E+00  3.517487397503E-01 -2.302294334839E+00 -1.152198252153E-01 -2.640597788474E+00  2.856058694737E-01 -6.599973531224E-01
-4.090954969689E+00  1.425085714574E+01  2.566612100290E+01  3.557197644979E-01 -2.973162187800E-01 -5.720688920072E-01  1.868691219244E+01  1.393849303882E+01  1.127199174019E+01
-4.859723155992E+00 -2.114659170804E+00  2.253204952985E+00 -1.429538332032E+00 -1.381505315282E+00 -8.414549334975E-01 -3.572363288404E+00  9.066806632158E-01  1.688918219249E+00
 2.838081704907E+00  7.408262270230E+00 -9.054961550330E+00  1.916730151641E+00 -9.759008739714E-01 -7.468394785723E-01 -4.036995516517E+00 -7.475390023866E+00 -7.662604012417E+00
-2.067643317816E+01 -1.877368191348E+00  1.089799671908E+00 -1.263993416767E+00 -4.982884549000E-01  1.117439037312E+00 -8.841582257413E+00 -4.202970970108E+00 -1.851175445763E+01
-1.975926108881E+01  1.159066851546E+01  1.476353834744E+01  1.680086435977E-01 -9.755397936339E-01  1.054837310748E-01 -8.103933583078E-01 -3.233160333968E+00  4.537217109032E+00
 1.340258069867E+00 -1.623001551106E+01  2.575440079417E+00  1.706487325141E+00 -1.662607721233E+00  1.517486248897E+00  6.899055630504E+00 -1.556035406892E+01 -8.475202553975E+00
-2.181237489517E+00  2.999059781778E+00  1.257829014289E+01 -7.794556812016E-01  1.128179954731E+00  1.829063024863E+00  1.473701962921E+01  9.633343184243E+00 -3.024449670535E+00
-5.101567433202E-01  2.417374564129E+01  3.086293433520E-01 -9.998998459555E-01  1.813162052663E-01 -1.075837451353E+00  8.706252126757E+00  8.013348888422E+00  1.767117827920E-01
 3.746817030016E-01  5.999155159199E+00 -2.938866806428E+00  8.039754820492E-01 -6.670309888753E-01 -3.657880199733E-01 -5.635601949516E+00  5.689890654390E+00 -1.535802244506E+01
 9.644205331648E+00  1.430617528116E+00  6.117999843024E+00 -1.347162838944E+00 -2.094631763205E-01 -3.759500701135E-01 -1.916326268615E+00 -3.965797902359E-01 -1.568419486128E+00
 1.773178043396E+01 -4.507540990398E+00  8.647445295182E+00 -4.660343990004E-01  2.098918229604E+00  6.712387853261E-01  9.554098631010E-01 -9.094423763052E-01 -4.776370287513E-02
-8.668360404584E+00 -2.778410436494E+00 -4.175274186648E+00 -1.627004367114E+00 -7.921400758482E-01 -1.024580042291E+00 -9.767700045833E+00 -6.084909772987E+00  7.766620696738E+00
 1.083695358403E+01 -1.013490553410E+01  1.919166869230E+01 -4.704440082565E-01  1.853612264440E-01  1.574043278239E+00 -1.124271704088E+00  2.611971274922E+00  2.662686284921E+00
 9.238325550934E+00  6.776195785471E+00  2.678122253340E+00 -5.563263270204E-01 -2.684824686541E-01  2.015876539412E+00 -2.213725873166E+00 -1.780882279225E+00 -1.303903172474E+00
 7.474540737395E+00  1.951020996525E+01  1.690490300434E+01 -1.064493416967E+00  1.533836131016E+00  4.070134645838E-01  2.002754167059E+00 -3.663492616750E+00 -8.387708463120E-01
 1.140008003833E+01  5.997753230198E+00  1.375805903148E+01 -1.181895601157E+00  4.450981987212E-01  1.565399828080E-01 -8.452134741242E-01  1.738625963094E+00  6.139097641846E+00
 9.176807444468E+00 -2.902767411481E+00  2.039703812894E+01  1.151733030821E+00  1.654023318956E+00 -1.759582124569E+00  4.936738763322E+00  2.444082767473E+00 -2.908268174688E+00
-9.834640618949E+00  8.107026795358E+00  1.676615798873E+00  5.260908118166E-01 -7.700867357467E-01 -1.857735438487E+00  1.041298936887E+01 -1.727150100573E+00  7.125648872997E+00
-1.397259438887E+00  5.923373765144E+00  2.969040539277E+01  4.017430934399E-01 -6.651461040180E-01 -2.525213076343E+00 -2.707920669080E+00  4.395357428970E+00  2.149717964206E+00
-7.302133418588E+00 -4.535863702835E+00  3.614330409851E+01 -5.321003993274E-01 -3.840711446585E-01 -2.583833883135E-01 -7.779765435900E+00 -1.616045959109E+00 -1.254960811711E+01
 1.622765462125E+01 -1.226150542057E+01 -1.054220523958E+01 -1.854912029989E-01 -6.030020329211E-01 -4.239748553527E-01 -1.398381884200E+01  5.738992147013E+01  4.580298960575E+01
 3.294499975167E+00 -1.642707315308E+00  8.696895167628E+00 -1.800059324874E+00 -3.082626399389E-01 -1.989149421459E+00  2.932280854422E+00  1.726885229840E-01  1.932499758767E+00
 2.072938044678E+01  1.099386479262E+01  5.706285206838E+00 -8.165342836565E-01  1.442259358578E+00  6.172208453420E-01 -2.698544646537E+00  1.170289641911E+00 -4.510657778844E+00
-7.864679453694E+00  4.818900948459E+00 -1.023184362068E+00  8.268155718420E-01 -1.575827966040E+00  7.965515985832E-01 -5.580763089480E+01 -2.583288123698E+01  3.513239961626E+01
 9.797052160833E+00 -6.136659574957E+00  1.850210146474E+01 -1.024750871295E+00  5.650674186108E-01 -2.529162725370E+00 -1.095606670393E+00 -2.939138865525E+00  2.438979748511E+00
-1.420056695078E+01 -1.763447997507E+00  1.634918471962E+01 -4.184798630316E-01 -2.773317906597E-02  7.455323163098E-01  1.877907818249E+00 -4.383655763894E+00  1.821466568925E+00
 1.652337168663E+01  5.147614952398E+00  1.090944330636E+01 -1.481037342387E+00 -5.605188481735E-01 -1.312322041608E+00  1.391129374684E+00 -3.847379277247E+00 -9.454714497977E+00
 6.024151733027E+00 -1.282638846585E+01  3.667228092506E+00 -9.336101729427E-01  5.874917215475E-01  5.187780449795E-01 -8.544456034886E+00 -3.703201904354E+00 -4.210335259037E+00
 1.217470741305E+01 -7.339223045064E+00  1.453619712520E+01 -7.672996875320E-01  9.847897375633E-01 -1.029227167468E+00 -1.832985903307E+01  9.171929457428E+00 -1.607810739773E+01
-1.589477900725E+00 -8.705081943906E-01  2.098811337938E+01  4.089679116948E-01 -9.652294316324E-01  2.519522549114E-01  5.075688599725E+00 -3.969780405575E-01  1.482257875488E-01
-8.428018642659E+00  9.332090105118E+00  1.734606771941E+01  1.136252851131E+00  3.886768346919E-01 -5.384297434430E-01 -4.623588264310E+00 -1.797571595752E+00  7.738499166016E-01
-3.421065324396E+00 -3.651913685584E+00  4.122859533876E+00  9.932797197152E-01  1.201646477298E+00  1.331502677935E+00 -7.610245157101E+00  1.776285080336E+01  9.830468901548E+00
-4.429380097673E+00  1.102191329640E+01  2.265695554173E+01 -5.763226609706E-02 -3.329856845366E-01  9.858728259850E-01 -4.530240300727E+00  1.002607057858E+00  6.185317617700E+00
 6.443744598882E+00  9.837069171905E+00 -1.197379522993E+00  6.039826953808E-01  2.265558146840E+00 -1.117873411929E+00  5.056632841451E-01 -8.853723511857E-01  4.490021400995E+00
 1.775549191565E+00  1.536441821372E+00 -8.597928273014E+00  1.327756523644E+00  2.048060783504E+00  2.089993086062E+00  7.726899199295E-01  1.901234996182E+00 -2.428792829133E+01
 1.156717387611E+01 -3.475530593202E+00  4.885319902428E+00  1.824158332621E+00 -1.110474964579E+00 -8.067505528558E-01 -2.136115599391E+01 -7.184380410208E+00  1.241905797538E+01
 1.027727184893E+01  9.631923965608E+00 -4.021671751124E+00 -1.983913703046E-01  7.614799808541E-01 -1.027691013397E-02 -1.066968315271E+01  1.905673410055E+01 -1.902808757731E+01
-1.168642093018E+01 -1.305122637579E+01  1.102296975411E+01 -4.167842672213E-01 -1.008197816175E+00  1.659344829220E+00  7.404126439461E+00 -3.889083135114E+00  7.866098583865E+00
-2.382572709391E+00  4.678634682051E+00  1.687045537475E+01  6.129992142507E-01  1.392931011447E+00  8.430216452337E-01 -9.644468080056E-01  7.007089989185E+00 -4.985087951547E+01
 2.338996866976E+00  1.035952972508E+01  1.194452613072E+01  2.913061867032E-01  4.282984466558E-01 -3.560748701779E-01  1.973064025985E+01 -4.956797181530E+00 -2.791051192233E+00
 1.885656479661E+00 -9.882437185351E+00 -1.226999498285E+00  1.688604542795E+00 -2.204885341540E+00  1.042132599168E+00 -2.430343961974E+00  1.393132806476E-01 -6.591972088194E-01
-1.896841891491E+00  7.842961839156E+00 -3.284579869886E+00  1.379357386095E+00  1.017979824610E-01 -1.021615718723E+00  1.002711329611E+00  3.309937890741E+00  2.362771358180E-01
 1.850764908996E+00 -1.029753651716E+01  2.848929563294E+00  1.506138303173E+00 -3.459862114509E-01  1.927947442694E+00 -2.579077348494E+00  6.680403764138E+00  6.198919809543E-01
 1.440912751738E+01  6.591269005555E+00  3.639772933760E+00  1.271853942020E+00  6.183490250894E-01  7.837698511592E-01 -2.385134556192E+00 -6.420895000767E+00 -4.845754396570E+00
 6.379009826939E+00  1.117361270662E+01  1.646351809592E+01 -6.281179631943E-01  5.512218034231E-01  2.125694692366E+00 -1.011888891306E+01  3.598801793083E+01  1.593567880263E+01
 1.041112664376E+01  4.882488833261E+00 -3.194631357069E+00 -6.164265595219E-01  1.225935522708E-02 -6.674794022010E-01  2.426569585268E+01 -4.698597870026E+00 -1.209614852505E+00
-1.809127167413E+00  4.120686598571E+01  3.390817681902E+00 -6.270942576869E-01  1.679529929120E+00  6.306437004265E-01 -1.607811784463E+01 -5.178291867630E+00 -1.627034607873E+01
 1.907512281246E+00  1.507404972630E+00  8.603509646480E+00  7.757449807973E-01  1.714154638311E-01 -7.083401895622E-01  1.154724680918E+01 -1.603039516604E+01 -1.264613937696E+01
-8.610215936187E-01  8.199239616285E+00  8.890870859569E+00 -1.399953389028E+00 -1.674042824945E+00  2.368305842051E+00 -2.397358355254E+00 -6.140322602984E-01  1.943810600389E+00
-8.989082892864E+00 -2.762774635821E+00  1.922146068192E+00 -2.672080528106E-01  1.669032590117E+00 -7.566125967656E-01 -5.961602663362E+00  1.943599916341E+00  1.459232485104E+00
 1.863483127495E+01  4.140545744670E+00 -8.891102528005E+00 -2.177271894957E-01  9.330044911788E-01  2.178478336072E+00  7.521716777330E-01 -1.490560740257E+00  1.149954430293E+01
 2.265344171874E+00  1.060402857733E+01  1.349503816999E+01  1.739011464479E-01  2.017163812111E-01  1.019779032150E+00 -1.190987719835E+01  1.965090535827E+00 -9.188511867400E-01
 7.113213864004E-01  7.089376088823E+00 -6.175870274727E+00 -1.876438680314E+00  2.145515737417E+00 -6.511286102531E-01  3.357633794137E-01 -4.864264093241E+00  3.035501927159E+00
 3.374086625378E+00  3.210136529669E+00  1.432203658091E+01  1.156337737827E+00 -1.074338263763E+00 -4.386562917734E-01 -3.722072799806E+00  4.068106287009E-01 -2.393728158478E-02
 1.171401236442E+01 -5.933111229082E+00  5.314221058903E+00  1.548005909801E+00  1.419018056427E-01  4.153990996638E-01  8.053495897101E+00  4.604439157388E+01 -1.043466723920E+01
 1.623040690386E+00  1.392770844892E+01  1.188285671915E+00 -1.777301414563E-01  1.143015196285E+00  1.570954230116E-04 -5.143388307117E-01 -1.992050983627E+00  2.030855451243E+00
 6.299160113593E+00 -9.159376568506E+00 -8.128477834766E+00  4.188181045087E-01  1.205927107153E+00 -7.490963490365E-02  2.011311693254E+01 -1.061344281090E+01  1.993605576075E+01
-9.032024105233E+00 -6.308230835966E-01  1.364973195221E+01  9.729975238240E-02  3.318393015083E-01  3.529660068219E-02  2.661020620000E+00 -3.417278540741E-01 -3.781060777200E+00
 1.136795918528E+00 -1.176830964354E+01 -3.038975457551E+00 -1.591969440971E-01 -4.171556084795E-01  1.385773305251E-01  7.871508869384E+00  9.966902638435E-01 -6.912807717009E+00
 7.068814859531E+00  2.314877008507E+00  2.482596457410E+00  3.895439056000E-01 -1.661217494049E-01  1.616191037435E+00 -1.392640871032E+01 -1.757292119908E+01  1.093756428297E+01
 1.103900478017E+01  1.455195808057E+01  7.752435223448E+00 -2.220097476741E-01  1.782679526683E-01  9.453867887505E-01 -2.902105740713E+00  3.165160792659E-01 -1.858193691307E+00
-1.874149851428E+01  7.363416547620E-01 -6.867085476943E+00  1.077432999315E+00 -6.808849221738E-01 -3.884274558977E-01 -4.618833268771E+00  3.335857125860E+00  5.720623035152E+00
 8.243691060706E+00  1.029011694312E+01 -1.387240602222E+01  1.829531956265E+00  8.486645723250E-01  5.259116228362E-01 -8.656295951750E-01 -1.828339559962E+00  3.056507302586E+00
-3.856283263059E+00  2.224900560089E+01  6.164138542624E-01 -1.336439531301E-01 -1.986439065043E+00 -2.019873286575E+00 -1.823367469252E+00 -3.127669009329E+00  2.168010086515E+00
-1.012260273972E+01  4.275176197853E-01  2.062849745889E+01  7.714052947089E-01  1.693139485116E-01  1.936350255501E+00 -7.846184680027E+00  1.664123158332E+00  9.002438452825E+00
 8.021582316322E+00  3.285624200197E+00  2.147345022061E+01  7.765389411126E-01 -9.790902139356E-01  3.109754450967E-01 -1.712540733691E+01  1.058046840297E+01  1.991836425512E+00
 2.162419936276E+01  5.346092569011E+00  1.650363160598E+01  3.203752597251E-01  1.709862293142E-01  9.968341061864E-01 -4.605818668676E+00 -6.272704766043E+00  4.273734957305E+00
-4.754390500116E+00  2.357622489205E+00 -6.246325739112E-01 -1.771411803437E-01 -3.960238369139E-01 -3.851819131311E-01  1.322964503067E+01 -8.074923417222E-02 -1.557459902734E+01
 1.796131591140E+01  2.134338707912E+01  1.228331352537E+01 -4.317504300387E-01 -3.307885873428E-02 -1.321984580948E+00 -1.082592763221E-01 -1.059582332764E-01  1.504492292061E+00
-1.289858487967E+00  2.290845822233E+01  7.282430228917E+00  3.502316655056E-01 -2.351330276514E-01 -9.509859229595E-01 -2.679711451970E+00 -9.997105612051E+00  7.505468359079E+00
 3.911723630049E+00  1.044200807771E+01 -1.455071616025E+00  8.836853960692E-01  2.081848813317E-01  4.831204217926E-01  1.605584323290E+01  1.068381893397E+01  7.595992355944E+00
-4.408759155827E+00  1.799921081661E+01  1.819233422661E+01  7.389100087364E-01  2.846444096660E+00  1.706829847558E+00 -3.183799568281E+00 -2.196505748511E+00  4.260026817684E+00
 1.707659185988E+01  1.543903276348E+01  1.589062665924E+01 -4.139330012512E-01  1.005887907859E+00 -1.874232866466E+00  3.415158730349E+00 -3.486196673702E+00  3.594324719976E+00
 6.310482066628E+00 -7.349824985107E+00  7.921821647276E+00  7.706911358121E-01  6.672656669231E-01 -5.032760166083E-01  2.266387678440E+00  6.393274529505E-01  1.920782321863E+00
 1.493184384413E+01  5.602986797724E+00  2.486136127336E+01  1.252782667268E-01  1.312886772923E+00 -1.943079171230E-01  2.558636542092E+01  1.334082482141E+01 -1.295828700167E+01
 6.888343452153E+00  3.483753246431E+01  3.120060157860E+00  9.373685931469E-02  6.872430088268E-03  1.479193748768E-01  5.999360110799E+00 -7.092946877998E+00 -5.379437090724E+00
 1.908680370374E+01  1.455648971331E+01  1.194609321843E+01  8.461855369235E-01  4.132006403862E-01  1.190404049234E+00 -6.226442969008E+00 -2.423469595029E+01  1.605964449221E+00
-5.820063757007E+00  3.594560403495E+00 -7.272029464343E+00  2.635895163920E+00 -2.111855002593E+00 -3.837105422939E-01 -4.404080675537E+00 -7.336368015316E+00 -9.312658233048E+00
-1.694758520062E+01  6.926064334794E+00 -4.414302015766E+00  2.165391532772E-01 -1.680841586995E+00 -1.725647911719E+00 -6.602641160892E+00 -7.662511136738E+00 -7.029110876339E+00
 1.710100843700E-01 -1.509692091897E+01  8.529729309888E+00  1.717333119226E+00 -4.612325437764E-01  1.836289613653E+00 -2.520965051437E+01  4.552292148678E+00 -6.698897546055E+00
 5.535807528661E+00  9.978531289079E+00 -5.520583026658E-01 -3.044759770517E+00 -7.816784808337E-01 -6.842979171592E-01 -1.662807493815E+00  1.013698148645E+00 -1.026846478988E+01
 5.914736123471E+00  6.661215412313E+00  1.295003759662E+00  1.442130433604E+00  1.508748563160E+00  1.876750278749E-01 -2.489091234894E+00  1.376974190300E+00 -1.181114031374E+00
-1.374839025782E+01  9.927310221335E+00  4.884736676773E+00  1.336146629920E+00 -2.899862082015E-02 -1.465763365982E-01  4.182890125354E-01  1.181777681990E+00  2.948006330347E-01
 1.099056643680E+00  1.307533409580E+01  1.845135063724E+00 -2.772231394741E-02  4.193313289277E-01 -1.577838742171E+00 -8.216707004217E+00 -4.927391310231E+00 -7.754970450659E+00
 1.588207959616E+01 -1.122175973316E+01  1.914384426618E+01 -5.908606744410E-01 -1.798388007683E+00  1.691438427691E+00 -2.452092504531E+00  2.400383865963E+00 -3.504510151374E-01
-1.085071505974E+01  1.751911351661E+00  8.063435464306E+00 -1.054004381000E+00 -2.481705455734E-01 -1.439920754009E+00 -2.937567296482E+01  5.001959259822E-01  3.843478005645E+01
-1.437902623198E+00 -9.108777848206E+00  7.170679172012E+00 -3.706459077385E-01  4.841808231407E-01 -3.253672304120E+00 -7.576231601284E+00 -1.732286559478E+01 -3.739139767216E+00
 2.015214811682E+01  2.028128612576E+00  3.745094729296E+00  1.748117703218E-01  3.154203724681E-01  1.309891136096E+00  2.181594972203E+00  5.382164591088E+00  1.275744605771E+01
 4.429210178267E+00  8.085125186116E+00  2.870718790895E+01 -7.341468719284E-01  1.607728678436E+00 -9.363334405927E-01  2.327234281097E+00  9.150022991067E-02  1.595276011638E+00
 1.333009551076E+01  1.035662121746E+01 -2.723642642408E+00 -6.361044691779E-01 -1.456488139994E+00  9.492122463569E-01 -3.532928202231E+00 -2.051152894956E+00  2.673205687572E-01
-1.145684926690E+01 -1.040679166416E+00  1.380740117324E+01  3.294138427005E-01  6.398582290944E-02  4.362797248936E-02  3.006793706111E+00  1.172783501668E+01 -1.769268195372E+00
 1.244594235738E+01  1.540456168221E+00  9.509276957124E+00 -1.367542301785E+00 -7.829113971119E-02  1.440997162469E+00 -4.154196439836E-02 -4.269249340670E+00 -1.000395629913E+01
 8.803090927458E+00  1.039847344971E+01  1.448051179682E+01  2.498473853195E-01  6.289894499869E-01 -9.590695912011E-01  3.170451919855E+00 -3.398225822332E-01  5.984902636220E-01
 7.702353261932E+00  3.292817808615E+00  9.265302876453E+00 -1.023929438526E+00 -7.786580961936E-01 -1.239576340210E+00 -7.413868434381E-01  3.806760830359E+00  7.730567588046E+00
 8.285029263220E+00 -3.909664767849E+00  1.292341078249E+01  1.016016442172E-01  5.537767909498E-01 -1.945412475523E+00  4.163806893443E+01  2.324977814454E+00  2.003278661812E+01
 1.429512543199E+01 -4.693581729968E-01  4.483216052978E+00  1.281621882537E+00  3.206622071694E-01  3.220166099183E-02 -1.113666014863E+01 -1.403490259590E+01 -1.585566445374E+00
 1.235655052692E+01 -1.205813480719E+00 -4.699471335816E+00  4.432310896222E-02  1.252583460753E+00 -1.869446712255E+00 -1.623129672036E+01  1.084584485312E+00  6.678594573549E+01
 1.913281761293E+01 -4.849582791416E+00  5.140050827087E+00  1.122969102671E+00  3.572403049433E+00 -7.124192837702E-01  1.347334504039E+00  1.148321876978E+00 -2.088147601180E-01
-1.616618919225E+01  1.593567295819E+00  1.339096890595E+01 -4.122150567359E-01  8.150027690955E-01  1.836371553804E+00 -7.411260631094E+00  1.377484808425E-01  1.735772955461E+01
 1.876000347670E+01 -9.632517642578E+00  2.809060651715E+01  4.613101700578E-01 -3.596397146221E-01 -3.537572418518E-01 -6.092409269271E+00 -1.468860503597E+01 -1.168155103067E+01
-2.512889012836E-01  4.877028785322E-01  5.256371882951E+00 -1.162750174552E+00  3.437406061768E-01  6.772224089740E-01  1.200543464033E+00  5.244584541283E-01  3.959820609635E+00
-7.639834664398E+00  6.993786886556E-01 -1.524412981092E+01  3.204671910611E-01  6.104067261662E-01  3.231933200652E-01 -1.387141947769E+01 -2.255691460006E+01  1.510971116661E+01
 1.065190585132E+01 -1.411222073624E+01  4.714547342481E+00  6.159404172254E-01 -9.486323023386E-01 -1.457517840765E-01  1.786239629777E+01 -5.203465351290E+00  2.106041678515E+00
 1.525565645295E+01 -1.794208312830E+00 -1.547709121712E+01 -3.214309842507E-01  3.244395528135E-01 -1.432450838219E+00  7.807026501633E-01  1.073071369435E+00 -1.377612794665E+00
-4.567732390089E-01 -8.694985411584E-01  1.710718083478E+01 -7.358567762894E-01  5.056424431124E-01  8.987740545473E-01 -7.311119205914E+01 -1.406944722142E+01  1.776560997694E+01
 1.775743883530E+01  1.480789821690E+01  3.104792044232E+01 -1.125073933328E+00 -1.852896422680E+00 -1.687949577441E+00  1.097049109450E+01  2.133000655139E+01 -3.380715646498E+01
-2.355706461947E-01 -1.091097481910E+01  4.915886522469E+00  1.192990869160E+00 -1.172818268575E+00 -1.448831019187E+00 -2.023721491307E+00  1.617353693521E+00  3.024308856258E+00
 6.116789180821E+00 -8.009744981886E+00  1.417543601038E+01  1.011215879983E+00 -7.908877207656E-01 -1.681470088139E+00  2.578688061503E+00 -9.950657949218E+00  3.820145210759E+00
 4.722753091940E+00  5.760174334912E+00  1.064768858560E+01  1.832322554887E+00  2.802651456133E-01 -9.528103165786E-01  1.597566479835E+00  2.396767156959E+00 -2.653202272421E-01
 5.474135011745E+00 -3.925792780777E+00  3.949531584478E+01  5.762818284388E-01 -9.202696404302E-01 -2.083942174123E-01 -1.743299512981E+01  2.987341531270E+00  9.711057267670E+00
 1.298917151048E+01  2.380319701513E+00  1.229961178224E+01  8.573113630856E-01  2.832492988010E-01  4.334743786965E-01 -5.924970353862E+00 -4.216225947341E+00  3.450917109916E+01
 7.135100817349E+00  1.362643628391E+01  1.689512119841E+01  2.792487008729E-02  6.733557255565E-01  2.868270454180E-01 -2.086117504682E+01 -1.479593853694E+00 -3.979307273111E+00
 9.092328649787E+00  4.987958478735E+00  9.368073215280E+00 -8.756160140596E-01  1.574362282797E+00 -1.307875565040E+00  3.193357646466E+00 -2.409730790321E+00  2.282623074009E+00
 9.734859555971E+00  6.998694473337E+00 -4.369609496881E+00 -7.146797820158E-01 -1.517754992163E-01  5.387381736446E-01 -2.484988279834E+01  2.608797793832E+01 -5.123158085557E+00
 1.444631958021E+01  3.767721099267E+00  2.531625742491E+01 -6.596646603542E-01  2.546925802179E+00 -1.775311237732E+00  3.855159428560E+00  4.207048719449E+00 -3.691156989706E-01
 1.878680495615E+01  1.278483948599E+01  1.549588231884E+01 -1.523186401349E+00 -2.084979840037E+00 -9.355780510262E-01  3.792412445226E+00  1.144325393190E+00 -5.892733255590E+00
 1.643253936958E+01  1.986370999989E+01  1.006746806179E+01  2.209755001022E+00  6.257921390114E-01 -2.560349963786E-01 -1.161828059834E+01  3.871931549239E+00  5.941793765023E+00
-1.771138428599E+01 -7.778677762544E+00  2.027988280630E+01 -1.959676076520E+00 -1.820645469977E-01  4.405991351159E-01 -2.461893215502E-01  9.616533148503E+00  1.175514212734E+01
-1.395039643270E+01  2.076936008262E+01  2.375235049934E+01  1.734336650231E+00  4.224723914510E-01  2.055230664392E+00  3.455104183826E+01 -2.114060760698E+01 -1.572344044611E+01
-1.164087133889E+00  3.858309396118E+00  5.643635839868E+00  4.531390436143E-01  1.306747066817E+00 -1.492247289061E+00 -1.331495219262E-01  4.366266563070E+00 -1.423661169709E+00
 1.186807577019E+00 -6.027877251080E+00  1.647658535182E+01  1.570915819422E+00 -1.760484542901E+00 -8.425719389260E-01  1.307353070041E-01  5.574425203377E+00  1.296187739193E+00
 8.096660403513E+00  4.739208072118E+00  5.133065782061E+00  1.620973028619E+00 -3.821848805237E-01 -2.970530396004E-01 -1.682642707953E+00 -2.772480327439E+00 -1.993650874077E-01
-7.094160682239E+00  2.358942714246E+00 -8.686323179075E+00  7.135867745838E-01 -3.547971535373E-02 -2.937734079722E+00  1.416006838254E+01 -1.177588001456E+01 -3.204369784104E+01
-1.116880104503E+00  5.115220791554E+00  2.665933580539E+01  8.162946105666E-01  1.119703270701E+00  8.305382391497E-01  5.505514244859E-01 -2.730693716004E+00  2.996787449745E+00
-5.989514475155E+00  1.084658972239E+00 -5.424314248190E+00  3.058490171217E+00 -3.624623995604E-01  5.914682477738E-01  3.610272868029E+00  3.519940341369E+00 -6.743074912005E+00
 2.124792124017E+00 -2.804267949480E+00 -1.063800214653E+00  2.915970720183E-01 -2.229544623955E-01 -1.009045771568E+00 -5.130338351477E-01 -2.669787336794E+00  6.820430193631E-01
-9.458729898200E-02  2.775552868534E+01  1.788504770349E+01 -7.848422272506E-01 -1.786754853078E+00 -1.656322416667E+00 -2.000946809104E+01 -1.533629237375E+01 -7.992415365217E-01
 8.121770923337E+00 -7.795382500125E+00  1.163920404587E+01 -5.186050235654E-01  1.004888414010E+00  1.240636061754E-01  2.131790674084E-01  3.848166785594E+00 -2.601734186937E+00
-2.722195864532E+00  1.992779339801E+00 -1.731529762150E+00 -2.052967856284E+00 -4.586183611422E-02 -7.921596413922E-01 -1.213401460357E+01 -5.860392996593E+00 -5.899184818657E+00
 2.245146594866E+01 -7.022200656455E+00  3.062265424082E+00 -2.427851173333E+00  1.934612558560E+00 -4.235614248671E-01  9.864433964823E+00 -1.302199305437E+00  4.753543880656E+00
 2.493542891338E+01  7.492234778005E+00  1.736642940598E+01  2.632496517764E-01 -1.052579433036E+00  7.543757892274E-01 -5.953800119012E+00  1.528963586388E+01 -1.203496082525E+01
-1.104919922857E+01  1.258151191106E+00  2.524251949693E+01  1.037837909703E+00  1.170522718066E+00  4.362880879798E-01  3.832996717566E-01  2.947481657076E-01 -2.084810726237E+00
-2.065203263835E+01  2.092468036558E+01  8.714022463109E+00 -1.308205262026E+00  3.975590587306E-01  2.083873860675E-01  2.347637681646E+01  6.744184727833E-01  7.841791618527E+00
 3.280744811933E+00  2.390143218575E+01  1.942605832187E+01  2.858313794716E-01 -2.057010135472E+00  8.456980473772E-01  8.462818295292E+00  2.561516263190E+00 -3.174621430350E+00
-4.738340085800E+00  1.121818163680E+01  1.407864946969E+01  1.150689556631E+00 -1.836228295918E+00 -7.689720838234E-01 -3.570142148524E+01  3.152852782076E+01  1.542841244885E+01
 1.710670993776E+01 -1.307984502286E+01  3.361491555890E+00 -9.974429252721E-01 -2.374148130297E-01  2.792281526131E-01  3.045413776910E+00  1.956198932410E+00 -3.606285988258E+00
 6.434185252161E+00  3.391981227541E+00  1.609331276979E+01  2.444349269327E+00  9.193187335302E-01  1.208144928127E+00  1.695626269084E+00 -4.129753455884E+00 -4.315583597988E+00
 7.067477652231E+00  1.240793201034E+01 -4.304972803162E+00  1.632714234549E+00  9.938744005071E-01  1.023338784933E+00 -2.136350836149E+01 -3.366600847088E+01 -5.570048510851E+00
 7.095522470749E+00  1.268063437289E+01  3.153505068780E+01  1.792538530545E+00  1.062873777888E-01  8.428167946151E-01  6.280531829237E-01  6.701465959752E+00 -1.716822100805E+01
-6.531740743997E+00 -5.731007352393E-01  1.364314528628E+01 -5.695815891841E-01 -2.060329155620E+00  8.585126618847E-01 -1.352767017076E+01 -3.654563462524E+00  1.931586644008E+01
 7.984021562140E+00  8.330477290958E+00 -8.195725083206E-01 -5.006948442436E-01  5.333834614197E-01 -1.379013630283E+00 -9.776724666750E-01  9.362851686594E-01 -1.918432489616E+01
-2.028978352035E+01  2.425739389755E+01  6.326185870034E+00  1.298492807402E+00 -2.178372105340E-01 -1.308180474952E-01 -4.845212944621E+00 -2.798753920184E+00 -5.965266962748E+00
-1.108707860151E+01  8.147593126689E+00 -2.184484391052E+00 -9.754565685585E-01  7.994317607986E-01 -2.065960324005E+00 -6.760240043245E+00  8.815005393078E-01 -2.503456815191E+00
 7.785026991619E+00  1.726056868658E+00  7.238876007156E+00  5.577744766564E-01 -2.226755689828E+00  7.601920521252E-01  7.965256196601E+00 -8.635891257610E+00  5.428215249917E+00
-2.190474439232E+01  1.248709254868E+01 -1.348164984194E+00 -3.066812749960E-01 -4.333831074778E-01 -2.650571805869E+00  1.373127043653E+01  2.532686488892E+00  2.468005612896E+00
 2.888635821998E+00 -2.076538592380E+01  7.250087830859E+00  7.666323314699E-01  5.967227002384E-01 -5.909726971445E-01  1.791602284252E-01  1.878908891098E+00 -2.482931183639E+00
-1.027564731672E+01  2.348953580963E+01  1.123801923402E+00  3.009725435622E-01  5.825740602643E-02  1.367535004199E+00  1.838653648548E+01  1.291043167134E+01 -1.061302726223E+01
 5.190482329620E+00  1.423633049652E+01  9.737030445548E+00 -1.205239580373E-01 -7.311999048740E-01 -2.082985559933E-01 -5.389428568164E+00  8.312121337540E+00 -5.420407356264E+00
-3.965249837452E-01  7.086960665056E+00  1.521408910235E+00  2.116323774080E-01 -3.742562103825E+00  4.904917716508E-01  1.220044676969E+01  3.553499629040E+01  1.714624958121E+01
 1.410519653795E+01 -1.394653308019E+00  3.237796264100E+01  7.876864591654E-01 -1.634543913980E-01  1.384824890512E+00  5.196710664217E-01 -1.217761103643E+00  3.816522118210E-01
-1.466155316125E+01 -7.713335392065E-01  1.632477159672E+01 -9.663079771633E-01 -1.394124639590E-01  1.769772049107E+00  3.008122478617E+00  8.460100138019E+00  8.739328610553E+00
 2.623110154702E+00  4.841258191091E-01  5.886808101575E+00  2.206447664382E-01  3.760893331977E-01 -5.859550559792E-01  3.453481598945E+00 -1.500010471003E+00 -1.328034725643E+00
 1.078621947954E+01  8.213558067015E+00  7.936798556606E+00 -5.530207937591E-01  2.147588158091E+00 -7.157464042260E-01  2.047568890259E+01  1.463336820647E+01  1.112033495400E+01
 2.435295544159E+01  3.519108681114E-01  6.072164297813E+00 -7.072580384240E-01 -1.394819077461E+00 -2.152318190036E+00 -3.544163390906E+00 -8.231500343439E+00  4.713139197438E+00
-4.562876221917E+00  7.109667749028E+00  1.011141238792E+01 -8.292099168618E-01  1.692896464396E+00 -1.160671727715E+00 -3.699982713572E+00 -2.588969716983E+00  5.801903541775E+01
 9.447119547550E+00  1.024736894021E+01 -3.434972126199E+00 -6.993963909214E-01 -9.748175962862E-01  7.185962791678E-01  5.386086783657E-01 -1.726385783774E+00  6.794883882337E-01
 9.120168292542E-01  8.816150775198E+00  6.092918956386E+00 -2.246096674479E+00  8.228046105592E-03  1.857771646095E+00  1.800173251532E+00 -1.059777356576E+01 -9.485916175205E+00
-3.184513447861E+00  1.764637284634E+01  1.562004906840E+01  9.594001270710E-02  2.041892203348E-01  1.125912200819E+00 -2.161996065931E+00 -2.319930285513E+00 -1.530022650719E+00
 4.241024552138E+00  2.158101579497E+01  1.245102218994E+01  4.927203126908E-02  9.052728090525E-01 -9.931342886270E-01  6.923676362861E+00  1.825259675408E+00 -1.509537670446E+01
-1.001006773112E+01  1.177286933619E+01  1.756331839211E+01  1.171200265232E+00  5.123373816787E-01 -4.968637486646E-01  3.008409335165E+01  1.996736685139E+00 -1.825496955363E+01
-9.320609461606E-02 -9.156978462236E-01  1.361995694433E+01  1.950005862415E-01  6.181821911496E-01 -5.588743653597E-01 -6.459639280050E+00  2.279267880857E+00  8.757751525599E+00
-2.589203255967E+00  1.604538515013E+01  2.250995208051E+01 -8.976432742360E-01 -8.158174595496E-01  1.396771845100E+00 -3.557837220399E+01  3.582842511434E+00 -9.468584626964E+00
 1.257314425407E+01  2.875175390835E+01 -5.616041465390E+00 -6.647388674902E-01 -2.527238950321E+00  8.162478258772E-01  1.298476761897E+01 -1.530110499495E+01 -7.061894593511E+01
 4.079247908120E+00 -8.164814224868E+00  1.112537072977E+01  2.226460626215E+00  3.547010581869E-01 -9.586215304372E-02 -6.741907256393E+00 -8.583081840885E+00 -5.567900698790E+00
 1.628506146066E+01  2.580247642205E+01  2.895190263470E+01 -1.642092759976E+00 -1.523265352295E+00  4.012163756021E-01  1.668593596404E+01 -3.274667575158E+00 -1.146608344164E+01
-1.101516517708E+01  5.964353112849E+00  2.592725682858E+01  6.885422509680E-03 -1.115896195902E+00  8.781774295051E-01  1.406582556015E+00  1.292750324425E+00 -4.124214159977E+00
 2.767139221755E+00  1.459973098261E+01 -9.292622965698E+00  4.067101631685E-02  1.845555944858E+00  1.422990866805E+00 -3.548119924706E+00 -3.046037096860E+00  1.475831803984E+00
-1.017533119552E+01  2.026675192337E+01  1.961232005709E+01  7.691788894107E-01  9.136248669428E-02 -5.953934614736E-01 -8.140173962369E-01 -7.512145130191E-02 -1.312474894278E+01
 2.654365853816E+00  3.544512809621E+00 -4.870427281637E+00 -1.744825537083E-02  1.341699410187E+00 -3.814688914692E-01  2.610407485434E+01  8.825945658328E+00 -1.428904983411E+01
 3.378235184962E+00  2.665136655509E+01 -3.436216541347E+00 -9.601676016810E-01 -1.702397132809E+00  3.225053329870E-01  9.120446660435E+00 -4.605572473897E+00 -7.621926384842E-01
 2.484355712364E+01 -7.300154021781E+00  6.288260621736E+00 -6.561995857543E-01 -1.190297446772E+00 -7.431558635774E-01  9.760050294412E-03  9.098114807640E-01 -1.122901791074E+00
 4.608044341811E+00  7.068132508055E+00 -8.987458991394E+00 -1.129526348576E+00 -1.541991808644E+00  4.127833846290E-01  1.404228461544E+01 -2.885741790611E+00  9.522156039614E+00
 9.664150627046E-01 -6.756012531786E+00  1.257886564669E-01  2.349329838168E+00  3.511279543911E+00  3.194729856156E-01  6.170433910615E+00  2.709597817262E+00  6.316060945118E+00
-2.761509714548E+01  1.350671691521E+01 -1.871335824084E-01 -1.178560211319E+00 -1.811637876424E+00 -1.845970822539E+00 -6.865407527467E+00 -4.806984384331E+00  6.084605438096E+00
 1.565003414254E+01 -1.212307934294E+00  1.540695889300E+01  2.831069118257E-01  1.297608676977E+00  1.159201298076E+00  3.130387899608E+00  3.320726625464E-01 -8.978592093260E+00
 1.850799238017E+01  1.718038734917E+01 -6.433195154045E+00  5.047140672535E-01  4.132419003886E-01 -6.977122655128E-01 -1.226865144542E+00 -1.671678242377E+01  9.813440779745E-01
 1.890773756560E+01  9.195679769048E+00  2.768459805031E+00  1.375732068489E+00 -7.531145068009E-01 -1.537134605233E+00 -2.687123525712E+00 -7.144146919904E+00  6.303500021063E+00
